time_sec x_east_m y_north_m z_up_m
0.000000 0.000000 0.000000 0.000000
0.100000 0.005173 -0.035022 0.184361
0.200000 0.010922 -0.064313 0.378245
0.300000 0.016927 -0.091793 0.612884
0.400000 0.021334 -0.112746 0.850287
0.500000 0.023952 -0.131091 1.121621
0.600000 0.024313 -0.144483 1.377481
0.700000 0.022395 -0.155864 1.656682
0.800000 0.017910 -0.163918 1.914985
0.900000 0.010210 -0.170548 2.194250
1.000000 0.000339 -0.174916 2.451304
1.100000 -0.013067 -0.177866 2.729630
1.200000 -0.027347 -0.178889 2.986972
1.300000 -0.044209 -0.178375 3.266268
1.400000 -0.060529 -0.177348 3.525292
1.500000 -0.077492 -0.175811 3.807635
1.600000 -0.091452 -0.173009 4.069890
1.700000 -0.105140 -0.167866 4.355163
1.800000 -0.116036 -0.160577 4.619963
1.900000 -0.125410 -0.149203 4.908039
2.000000 -0.131760 -0.135691 5.174497
2.100000 -0.136515 -0.118962 5.464064
2.200000 -0.139281 -0.102631 5.732624
2.300000 -0.140607 -0.084394 6.024857
2.400000 -0.139926 -0.067508 6.295345
2.500000 -0.138140 -0.049609 6.585571
2.600000 -0.135284 -0.033112 6.859272
2.700000 -0.130639 -0.015835 7.154073
2.800000 -0.125276 -0.000423 7.429808
2.900000 -0.118713 0.015628 7.727149
3.000000 -0.111923 0.029388 8.004507
3.100000 -0.103578 0.042963 8.302923
3.200000 -0.094808 0.053677 8.578179
3.300000 -0.084671 0.062750 8.876111
3.400000 -0.074697 0.068838 9.157145
3.500000 -0.064221 0.073074 9.456254
3.600000 -0.055207 0.075693 9.739476
3.700000 -0.046513 0.077161 10.041164
3.800000 -0.038531 0.077416 10.326325
3.900000 -0.030622 0.077337 10.628821
4.000000 -0.024179 0.077221 10.914347
4.100000 -0.018248 0.077162 11.217750
4.200000 -0.013280 0.077158 11.504364
4.300000 -0.008171 0.076771 11.808596
4.400000 -0.003317 0.075818 12.095637
4.500000 0.002148 0.074353 12.400140
4.600000 0.007285 0.072972 12.686961
4.700000 0.011325 0.071980 12.918283
4.800000 0.016419 0.070645 13.215936
4.900000 0.020857 0.069491 13.506262
5.000000 0.024721 0.068149 13.806481
5.100000 0.027527 0.066322 14.097094
5.200000 0.029966 0.063334 14.398135
5.300000 0.031902 0.059471 14.690538
5.400000 0.033286 0.055067 14.993730
5.500000 0.034521 0.051100 15.288110
5.600000 0.036026 0.047936 15.592877
5.700000 0.037669 0.045309 15.888348
5.800000 0.038940 0.042080 16.193871
5.900000 0.039403 0.038359 16.489395
6.000000 0.039139 0.034348 16.794643
6.100000 0.038185 0.030351 17.090059
6.200000 0.036554 0.026508 17.395889
6.300000 0.035158 0.023538 17.689634
6.400000 0.033796 0.021479 17.994480
6.500000 0.032211 0.020696 18.291712
6.600000 0.030074 0.020982 18.595661
6.700000 0.027124 0.022608 18.892547
6.800000 0.023660 0.024903 19.196265
6.900000 0.019805 0.027327 19.492904
7.000000 0.015405 0.029747 19.796849
7.100000 0.010264 0.031246 20.094353
7.200000 0.004469 0.032568 20.395192
7.300000 -0.001912 0.033896 20.694976
7.400000 -0.008928 0.034957 20.999356
7.500000 -0.016757 0.035536 21.299444
7.600000 -0.025066 0.035315 21.603927
7.700000 -0.033004 0.034882 21.904201
7.800000 -0.039736 0.034977 22.198095
7.900000 -0.045331 0.035560 22.501100
8.000000 -0.049705 0.036470 22.793512
8.100000 -0.052930 0.037444 23.097954
8.200000 -0.054882 0.038402 23.395231
8.300000 -0.055823 0.039719 23.699248
8.400000 -0.055786 0.041236 23.986253
8.500000 -0.054788 0.043339 24.272271
8.600000 -0.052796 0.046010 24.547313
8.700000 -0.050089 0.049265 24.837225
8.800000 -0.047474 0.053182 25.140951
8.900000 -0.045077 0.057478 25.429848
9.000000 -0.042656 0.062271 25.721927
9.100000 -0.040201 0.067242 26.010990
9.200000 -0.037003 0.072416 26.322531
9.300000 -0.033223 0.076814 26.612122
9.400000 -0.028097 0.080479 26.919207
9.500000 -0.023080 0.082553 27.187065
9.600000 -0.018170 0.083539 27.447522
9.700000 -0.014579 0.083094 27.657554
9.800000 -0.011809 0.081415 27.845653
9.900000 -0.010099 0.078986 28.014552
10.000000 -0.009600 0.075812 28.163533
10.100000 -0.009600 0.075812 28.163533
10.200000 -0.009600 0.075812 28.163533
10.300000 -0.009600 0.075812 28.163533
10.400000 -0.009600 0.075812 28.163533
10.500000 -0.009600 0.075812 28.163533
10.600000 -0.009600 0.075812 28.163533
10.700000 -0.009600 0.075812 28.163533
10.800000 -0.009600 0.075812 28.163533
10.900000 -0.009600 0.075812 28.163533
11.000000 -0.009600 0.075812 28.163533
11.100000 -0.009600 0.075812 28.163533
11.200000 -0.009600 0.075812 28.163533
11.300000 -0.009600 0.075812 28.163533
11.400000 -0.009600 0.075812 28.163533
11.500000 -0.009600 0.075812 28.163533
11.600000 -0.009600 0.075812 28.163533
11.700000 -0.009600 0.075812 28.163533
11.800000 -0.009600 0.075812 28.163533
11.900000 -0.009600 0.075812 28.163533
12.000000 -0.009600 0.075812 28.163533
12.100000 -0.009600 0.075812 28.163533
12.200000 -0.009600 0.075812 28.163533
12.300000 -0.009600 0.075812 28.163533
12.400000 -0.009600 0.075812 28.163533
12.500000 -0.009600 0.075812 28.163533
12.600000 -0.009600 0.075812 28.163533
12.700000 -0.009600 0.075812 28.163533
12.800000 -0.009600 0.075812 28.163533
12.900000 -0.009600 0.075812 28.163533
13.000000 -0.009600 0.075812 28.163533
13.100000 -0.009600 0.075812 28.163533
13.200000 -0.009600 0.075812 28.163533
13.300000 -0.009600 0.075812 28.163533
13.400000 -0.009600 0.075812 28.163533
13.500000 -0.009600 0.075812 28.163533
13.600000 -0.009600 0.075812 28.163533
13.700000 -0.009600 0.075812 28.163533
13.800000 -0.009600 0.075812 28.163533
13.900000 -0.009600 0.075812 28.163533
14.000000 -0.009600 0.075812 28.163533
14.100000 -0.009600 0.075812 28.163533
14.200000 -0.009600 0.075812 28.163533
14.300000 -0.009600 0.075812 28.163533
14.400000 -0.009600 0.075812 28.163533
14.500000 -0.009600 0.075812 28.163533
14.600000 -0.009600 0.075812 28.163533
14.700000 -0.009600 0.075812 28.163533
14.800000 -0.009600 0.075812 28.163533
14.900000 -0.009600 0.075812 28.163533
15.000000 -0.009600 0.075812 28.163533
15.100000 -0.009600 0.075812 28.163533
15.200000 -0.009600 0.075812 28.163533
15.300000 -0.009600 0.075812 28.163533
15.400000 -0.009600 0.075812 28.163533
15.500000 -0.009600 0.075812 28.163533
15.600000 -0.009600 0.075812 28.163533
15.700000 -0.009600 0.075812 28.163533
15.800000 -0.009600 0.075812 28.163533
15.900000 -0.009600 0.075812 28.163533
16.000000 -0.009600 0.075812 28.163533
16.100000 -0.009600 0.075812 28.163533
16.200000 -0.009600 0.075812 28.163533
16.300000 -0.009600 0.075812 28.163533
16.400000 -0.009600 0.075812 28.163533
16.500000 -0.009600 0.075812 28.163533
16.600000 -0.009600 0.075812 28.163533
16.700000 -0.009600 0.075812 28.163533
16.800000 -0.009600 0.075812 28.163533
16.900000 -0.009600 0.075812 28.163533
17.000000 -0.009600 0.075812 28.163533
17.100000 -0.009600 0.075812 28.163533
17.200000 -0.009600 0.075812 28.163533
17.300000 -0.009600 0.075812 28.163533
17.400000 -0.009600 0.075812 28.163533
17.500000 -0.009600 0.075812 28.163533
17.600000 -0.009600 0.075812 28.163533
17.700000 -0.009600 0.075812 28.163533
17.800000 -0.009600 0.075812 28.163533
17.900000 -0.009600 0.075812 28.163533
18.000000 -0.009600 0.075812 28.163533
18.100000 -0.009600 0.075812 28.163533
18.200000 -0.009600 0.075812 28.163533
18.300000 -0.009600 0.075812 28.163533
18.400000 -0.009600 0.075812 28.163533
18.500000 -0.009600 0.075812 28.163533
18.600000 -0.009600 0.075812 28.163533
18.700000 -0.009600 0.075812 28.163533
18.800000 -0.009600 0.075812 28.163533
18.900000 -0.009600 0.075812 28.163533
19.000000 -0.009600 0.075812 28.163533
19.100000 -0.009600 0.075812 28.163533
19.200000 -0.009600 0.075812 28.163533
19.300000 -0.009600 0.075812 28.163533
19.400000 -0.009600 0.075812 28.163533
19.500000 -0.009600 0.075812 28.163533
19.600000 -0.009600 0.075812 28.163533
19.700000 -0.009600 0.075812 28.163533
19.800000 -0.009600 0.075812 28.163533
19.900000 -0.009600 0.075812 28.163533
20.000000 -0.009600 0.075812 28.163533
20.100000 -0.009600 0.075812 28.163533
20.200000 -0.009600 0.075812 28.163533
20.300000 -0.009600 0.075812 28.163533
20.400000 -0.009600 0.075812 28.163533
20.500000 -0.009600 0.075812 28.163533
20.600000 -0.009600 0.075812 28.163533
20.700000 -0.009600 0.075812 28.163533
20.800000 -0.009600 0.075812 28.163533
20.900000 -0.009600 0.075812 28.163533
21.000000 -0.009600 0.075812 28.163533
21.100000 -0.009600 0.075812 28.163533
21.200000 -0.009600 0.075812 28.163533
21.300000 -0.009600 0.075812 28.163533
21.400000 -0.009600 0.075812 28.163533
21.500000 -0.009600 0.075812 28.163533
21.600000 -0.009600 0.075812 28.163533
21.700000 -0.009600 0.075812 28.163533
21.800000 -0.009600 0.075812 28.163533
21.900000 -0.009600 0.075812 28.163533
22.000000 -0.009600 0.075812 28.163533
22.100000 -0.009600 0.075812 28.163533
22.200000 -0.009600 0.075812 28.163533
22.300000 -0.009600 0.075812 28.163533
22.400000 -0.009600 0.075812 28.163533
22.500000 -0.009600 0.075812 28.163533
22.600000 -0.009600 0.075812 28.163533
22.700000 -0.009600 0.075812 28.163533
22.800000 -0.009600 0.075812 28.163533
22.900000 -0.009600 0.075812 28.163533
23.000000 -0.009600 0.075812 28.163533
23.100000 -0.009600 0.075812 28.163533
23.200000 -0.009600 0.075812 28.163533
23.300000 -0.009600 0.075812 28.163533
23.400000 -0.009600 0.075812 28.163533
23.500000 -0.009600 0.075812 28.163533
23.600000 -0.009600 0.075812 28.163533
23.700000 -0.009600 0.075812 28.163533
23.800000 -0.009600 0.075812 28.163533
23.900000 -0.009600 0.075812 28.163533
24.000000 -0.009600 0.075812 28.163533
24.100000 -0.009600 0.075812 28.163533
24.200000 -0.009600 0.075812 28.163533
24.300000 -0.009600 0.075812 28.163533
24.400000 -0.009600 0.075812 28.163533
24.500000 -0.009600 0.075812 28.163533
24.600000 -0.009600 0.075812 28.163533
24.700000 -0.009600 0.075812 28.163533
24.800000 -0.009600 0.075812 28.163533
24.900000 -0.009600 0.075812 28.163533
25.000000 -0.009600 0.075812 28.163533
25.100000 -0.009600 0.075812 28.163533
25.200000 -0.009600 0.075812 28.163533
25.300000 -0.009600 0.075812 28.163533
25.400000 -0.009600 0.075812 28.163533
25.500000 -0.009600 0.075812 28.163533
25.600000 -0.009600 0.075812 28.163533
25.700000 -0.009600 0.075812 28.163533
25.800000 -0.009600 0.075812 28.163533
25.900000 -0.009600 0.075812 28.163533
26.000000 -0.009600 0.075812 28.163533
26.100000 -0.009600 0.075812 28.163533
26.200000 -0.009600 0.075812 28.163533
26.300000 -0.009600 0.075812 28.163533
26.400000 -0.009600 0.075812 28.163533
26.500000 -0.009600 0.075812 28.163533
26.600000 -0.009600 0.075812 28.163533
26.700000 -0.009600 0.075812 28.163533
26.800000 -0.009600 0.075812 28.163533
26.900000 -0.009600 0.075812 28.163533
27.000000 -0.009600 0.075812 28.163533
27.100000 -0.009600 0.075812 28.163533
27.200000 -0.009600 0.075812 28.163533
27.300000 -0.009600 0.075812 28.163533
27.400000 -0.009600 0.075812 28.163533
27.500000 -0.009600 0.075812 28.163533
27.600000 -0.009600 0.075812 28.163533
27.700000 -0.009600 0.075812 28.163533
27.800000 -0.009600 0.075812 28.163533
27.900000 -0.009600 0.075812 28.163533
28.000000 -0.009600 0.075812 28.163533
28.100000 -0.009600 0.075812 28.163533
28.200000 -0.009600 0.075812 28.163533
28.300000 -0.009600 0.075812 28.163533
28.400000 -0.009600 0.075812 28.163533
28.500000 -0.009600 0.075812 28.163533
28.600000 -0.009600 0.075812 28.163533
28.700000 -0.009600 0.075812 28.163533
28.800000 -0.009600 0.075812 28.163533
28.900000 -0.009600 0.075812 28.163533
29.000000 -0.009600 0.075812 28.163533
29.100000 -0.009600 0.075812 28.163533
29.200000 -0.009600 0.075812 28.163533
29.300000 -0.009600 0.075812 28.163533
29.400000 -0.009600 0.075812 28.163533
29.500000 -0.009600 0.075812 28.163533
29.600000 -0.009600 0.075812 28.163533
29.700000 -0.009600 0.075812 28.163533
29.800000 -0.009600 0.075812 28.163533
29.900000 -0.009600 0.075812 28.163533
30.000000 -0.009600 0.075812 28.163533
30.100000 -0.009600 0.075812 28.163533
30.200000 -0.009600 0.075812 28.163533
30.300000 -0.009600 0.075812 28.163533
30.400000 -0.009600 0.075812 28.163533
30.500000 -0.009600 0.075812 28.163533
30.600000 -0.009600 0.075812 28.163533
30.700000 -0.009600 0.075812 28.163533
30.800000 -0.009600 0.075812 28.163533
30.900000 -0.009600 0.075812 28.163533
31.000000 -0.009600 0.075812 28.163533
31.100000 -0.009600 0.075812 28.163533
31.200000 -0.009600 0.075812 28.163533
31.300000 -0.009600 0.075812 28.163533
31.400000 -0.009600 0.075812 28.163533
31.500000 -0.009600 0.075812 28.163533
31.600000 -0.009600 0.075812 28.163533
31.700000 -0.009600 0.075812 28.163533
31.800000 -0.009600 0.075812 28.163533
31.900000 -0.009600 0.075812 28.163533
32.000000 -0.009600 0.075812 28.163533
32.100000 -0.009600 0.075812 28.163533
32.200000 -0.009600 0.075812 28.163533
32.300000 -0.009600 0.075812 28.163533
32.400000 -0.009600 0.075812 28.163533
32.500000 -0.009600 0.075812 28.163533
32.600000 -0.009600 0.075812 28.163533
32.700000 -0.009600 0.075812 28.163533
32.800000 -0.009600 0.075812 28.163533
32.900000 -0.009600 0.075812 28.163533
33.000000 -0.009600 0.075812 28.163533
33.100000 -0.009600 0.075812 28.163533
33.200000 -0.009600 0.075812 28.163533
33.300000 -0.009600 0.075812 28.163533
33.400000 -0.009600 0.075812 28.163533
33.500000 -0.009600 0.075812 28.163533
33.600000 -0.009600 0.075812 28.163533
33.700000 -0.009600 0.075812 28.163533
33.800000 -0.009600 0.075812 28.163533
33.900000 -0.009600 0.075812 28.163533
34.000000 -0.009600 0.075812 28.163533
34.100000 -0.009600 0.075812 28.163533
34.200000 -0.009600 0.075812 28.163533
34.300000 -0.009600 0.075812 28.163533
34.400000 -0.009600 0.075812 28.163533
34.500000 -0.009600 0.075812 28.163533
34.600000 -0.009600 0.075812 28.163533
34.700000 -0.009600 0.075812 28.163533
34.800000 -0.009600 0.075812 28.163533
34.900000 -0.009600 0.075812 28.163533
35.000000 -0.009600 0.075812 28.163533
35.100000 -0.009600 0.075812 28.163533
35.200000 -0.009600 0.075812 28.163533
35.300000 -0.009600 0.075812 28.163533
35.400000 -0.009600 0.075812 28.163533
35.500000 -0.009600 0.075812 28.163533
35.600000 -0.009600 0.075812 28.163533
35.700000 -0.009600 0.075812 28.163533
35.800000 -0.009600 0.075812 28.163533
35.900000 -0.009600 0.075812 28.163533
36.000000 -0.009600 0.075812 28.163533
36.100000 -0.009600 0.075812 28.163533
36.200000 -0.009600 0.075812 28.163533
36.300000 -0.009600 0.075812 28.163533
36.400000 -0.009600 0.075812 28.163533
36.500000 -0.009600 0.075812 28.163533
36.600000 -0.009600 0.075812 28.163533
36.700000 -0.009600 0.075812 28.163533
36.800000 -0.009600 0.075812 28.163533
36.900000 -0.009600 0.075812 28.163533
37.000000 -0.009600 0.075812 28.163533
37.100000 -0.009600 0.075812 28.163533
37.200000 -0.009600 0.075812 28.163533
37.300000 -0.009600 0.075812 28.163533
37.400000 -0.009600 0.075812 28.163533
37.500000 -0.009600 0.075812 28.163533
37.600000 -0.009600 0.075812 28.163533
37.700000 -0.009600 0.075812 28.163533
37.800000 -0.009600 0.075812 28.163533
37.900000 -0.009600 0.075812 28.163533
38.000000 -0.009600 0.075812 28.163533
38.100000 -0.009600 0.075812 28.163533
38.200000 -0.009600 0.075812 28.163533
38.300000 -0.009600 0.075812 28.163533
38.400000 -0.009600 0.075812 28.163533
38.500000 -0.009600 0.075812 28.163533
38.600000 -0.009600 0.075812 28.163533
38.700000 -0.009600 0.075812 28.163533
38.800000 -0.009600 0.075812 28.163533
38.900000 -0.009600 0.075812 28.163533
39.000000 -0.009600 0.075812 28.163533
39.100000 -0.009600 0.075812 28.163533
39.200000 -0.009600 0.075812 28.163533
39.300000 -0.009600 0.075812 28.163533
39.400000 -0.009600 0.075812 28.163533
39.500000 -0.009600 0.075812 28.163533
39.600000 -0.009600 0.075812 28.163533
39.700000 -0.009600 0.075812 28.163533
39.800000 -0.009600 0.075812 28.163533
39.900000 -0.009600 0.075812 28.163533
40.000000 -0.009600 0.075812 28.163533
40.100000 -0.009600 0.075812 28.163533
40.200000 -0.009600 0.075812 28.163533
40.300000 -0.009600 0.075812 28.163533
40.400000 -0.009600 0.075812 28.163533
40.500000 -0.009600 0.075812 28.163533
40.600000 -0.009600 0.075812 28.163533
40.700000 -0.009600 0.075812 28.163533
40.800000 -0.009600 0.075812 28.163533
40.900000 -0.009600 0.075812 28.163533
41.000000 -0.009600 0.075812 28.163533
41.100000 -0.009600 0.075812 28.163533
41.200000 -0.009600 0.075812 28.163533
41.300000 -0.009600 0.075812 28.163533
41.400000 -0.009600 0.075812 28.163533
41.500000 -0.009600 0.075812 28.163533
41.600000 -0.009600 0.075812 28.163533
41.700000 -0.009600 0.075812 28.163533
41.800000 -0.009600 0.075812 28.163533
41.900000 -0.009600 0.075812 28.163533
42.000000 -0.009600 0.075812 28.163533
42.100000 -0.009600 0.075812 28.163533
42.200000 -0.009600 0.075812 28.163533
42.300000 -0.009600 0.075812 28.163533
42.400000 -0.009600 0.075812 28.163533
42.500000 -0.009600 0.075812 28.163533
42.600000 -0.009600 0.075812 28.163533
42.700000 -0.009600 0.075812 28.163533
42.800000 -0.009600 0.075812 28.163533
42.900000 -0.009600 0.075812 28.163533
43.000000 -0.009600 0.075812 28.163533
43.100000 -0.009600 0.075812 28.163533
43.200000 -0.009600 0.075812 28.163533
43.300000 -0.009600 0.075812 28.163533
43.400000 -0.009600 0.075812 28.163533
43.500000 -0.009600 0.075812 28.163533
43.600000 -0.009600 0.075812 28.163533
43.700000 -0.009600 0.075812 28.163533
43.800000 -0.009600 0.075812 28.163533
43.900000 -0.009600 0.075812 28.163533
44.000000 -0.009600 0.075812 28.163533
44.100000 -0.009600 0.075812 28.163533
44.200000 -0.009600 0.075812 28.163533
44.300000 -0.009600 0.075812 28.163533
44.400000 -0.009600 0.075812 28.163533
44.500000 -0.009600 0.075812 28.163533
44.600000 -0.009600 0.075812 28.163533
44.700000 -0.009600 0.075812 28.163533
44.800000 -0.009600 0.075812 28.163533
44.900000 -0.009600 0.075812 28.163533
45.000000 -0.009600 0.075812 28.163533
45.100000 -0.009600 0.075812 28.163533
45.200000 -0.009600 0.075812 28.163533
45.300000 -0.009600 0.075812 28.163533
45.400000 -0.009600 0.075812 28.163533
45.500000 -0.009600 0.075812 28.163533
45.600000 -0.009600 0.075812 28.163533
45.700000 -0.009600 0.075812 28.163533
45.800000 -0.009600 0.075812 28.163533
45.900000 -0.009600 0.075812 28.163533
46.000000 -0.009600 0.075812 28.163533
46.100000 -0.009600 0.075812 28.163533
46.200000 -0.009600 0.075812 28.163533
46.300000 -0.009600 0.075812 28.163533
46.400000 -0.009600 0.075812 28.163533
46.500000 -0.009600 0.075812 28.163533
46.600000 -0.009600 0.075812 28.163533
46.700000 -0.009600 0.075812 28.163533
46.800000 -0.009600 0.075812 28.163533
46.900000 -0.009600 0.075812 28.163533
47.000000 -0.009600 0.075812 28.163533
47.100000 -0.009600 0.075812 28.163533
47.200000 -0.009600 0.075812 28.163533
47.300000 -0.009600 0.075812 28.163533
47.400000 -0.009600 0.075812 28.163533
47.500000 -0.009600 0.075812 28.163533
47.600000 -0.009600 0.075812 28.163533
47.700000 -0.009600 0.075812 28.163533
47.800000 -0.009600 0.075812 28.163533
47.900000 -0.009600 0.075812 28.163533
48.000000 -0.009600 0.075812 28.163533
48.100000 -0.009600 0.075812 28.163533
48.200000 -0.009600 0.075812 28.163533
48.300000 -0.009600 0.075812 28.163533
48.400000 -0.009600 0.075812 28.163533
48.500000 -0.009600 0.075812 28.163533
48.600000 -0.009600 0.075812 28.163533
48.700000 -0.009600 0.075812 28.163533
48.800000 -0.009600 0.075812 28.163533
48.900000 -0.009600 0.075812 28.163533
49.000000 -0.009600 0.075812 28.163533
49.100000 -0.009600 0.075812 28.163533
49.200000 -0.009600 0.075812 28.163533
49.300000 -0.009600 0.075812 28.163533
49.400000 -0.009600 0.075812 28.163533
49.500000 -0.009600 0.075812 28.163533
49.600000 -0.009600 0.075812 28.163533
49.700000 -0.009600 0.075812 28.163533
49.800000 -0.009600 0.075812 28.163533
49.900000 -0.009600 0.075812 28.163533
50.000000 -0.009600 0.075812 28.163533
50.100000 -0.009600 0.075812 28.163533
50.200000 -0.009600 0.075812 28.163533
50.300000 -0.009600 0.075812 28.163533
50.400000 -0.009600 0.075812 28.163533
50.500000 -0.009600 0.075812 28.163533
50.600000 -0.009600 0.075812 28.163533
50.700000 -0.009600 0.075812 28.163533
50.800000 -0.009600 0.075812 28.163533
50.900000 -0.009600 0.075812 28.163533
51.000000 -0.009600 0.075812 28.163533
51.100000 -0.009600 0.075812 28.163533
51.200000 -0.009600 0.075812 28.163533
51.300000 -0.009600 0.075812 28.163533
51.400000 -0.009600 0.075812 28.163533
51.500000 -0.009600 0.075812 28.163533
51.600000 -0.009600 0.075812 28.163533
51.700000 -0.009600 0.075812 28.163533
51.800000 -0.009600 0.075812 28.163533
51.900000 -0.009600 0.075812 28.163533
52.000000 -0.009600 0.075812 28.163533
52.100000 -0.009600 0.075812 28.163533
52.200000 -0.009600 0.075812 28.163533
52.300000 -0.009600 0.075812 28.163533
52.400000 -0.009600 0.075812 28.163533
52.500000 -0.009600 0.075812 28.163533
52.600000 -0.009600 0.075812 28.163533
52.700000 -0.009600 0.075812 28.163533
52.800000 -0.009600 0.075812 28.163533
52.900000 -0.009600 0.075812 28.163533
53.000000 -0.009600 0.075812 28.163533
53.100000 -0.009600 0.075812 28.163533
53.200000 -0.009600 0.075812 28.163533
53.300000 -0.009600 0.075812 28.163533
53.400000 -0.009600 0.075812 28.163533
53.500000 -0.009600 0.075812 28.163533
53.600000 -0.009600 0.075812 28.163533
53.700000 -0.009600 0.075812 28.163533
53.800000 -0.009600 0.075812 28.163533
53.900000 -0.009600 0.075812 28.163533
54.000000 -0.009600 0.075812 28.163533
54.100000 -0.009600 0.075812 28.163533
54.200000 -0.009600 0.075812 28.163533
54.300000 -0.009600 0.075812 28.163533
54.400000 -0.009600 0.075812 28.163533
54.500000 -0.009600 0.075812 28.163533
54.600000 -0.009600 0.075812 28.163533
54.700000 -0.009600 0.075812 28.163533
54.800000 -0.009600 0.075812 28.163533
54.900000 -0.009600 0.075812 28.163533
55.000000 -0.009600 0.075812 28.163533
55.100000 -0.009600 0.075812 28.163533
55.200000 -0.009600 0.075812 28.163533
55.300000 -0.009600 0.075812 28.163533
55.400000 -0.009600 0.075812 28.163533
55.500000 -0.009600 0.075812 28.163533
55.600000 -0.009600 0.075812 28.163533
55.700000 -0.009600 0.075812 28.163533
55.800000 -0.009600 0.075812 28.163533
55.900000 -0.009600 0.075812 28.163533
56.000000 -0.009600 0.075812 28.163533
56.100000 -0.009600 0.075812 28.163533
56.200000 -0.009600 0.075812 28.163533
56.300000 -0.009600 0.075812 28.163533
56.400000 -0.009600 0.075812 28.163533
56.500000 -0.009600 0.075812 28.163533
56.600000 -0.009600 0.075812 28.163533
56.700000 -0.009600 0.075812 28.163533
56.800000 -0.009600 0.075812 28.163533
56.900000 -0.009600 0.075812 28.163533
57.000000 -0.009600 0.075812 28.163533
57.100000 -0.009600 0.075812 28.163533
57.200000 -0.009600 0.075812 28.163533
57.300000 -0.009600 0.075812 28.163533
57.400000 -0.009600 0.075812 28.163533
57.500000 -0.009600 0.075812 28.163533
57.600000 -0.009600 0.075812 28.163533
57.700000 -0.009600 0.075812 28.163533
57.800000 -0.009600 0.075812 28.163533
57.900000 -0.009600 0.075812 28.163533
58.000000 -0.009600 0.075812 28.163533
58.100000 -0.009600 0.075812 28.163533
58.200000 -0.009600 0.075812 28.163533
58.300000 -0.009600 0.075812 28.163533
58.400000 -0.009600 0.075812 28.163533
58.500000 -0.009600 0.075812 28.163533
58.600000 -0.009600 0.075812 28.163533
58.700000 -0.009600 0.075812 28.163533
58.800000 -0.009600 0.075812 28.163533
58.900000 -0.009600 0.075812 28.163533
59.000000 -0.009600 0.075812 28.163533
59.100000 -0.009600 0.075812 28.163533
59.200000 -0.009600 0.075812 28.163533
59.300000 -0.009600 0.075812 28.163533
59.400000 -0.009600 0.075812 28.163533
59.500000 -0.009600 0.075812 28.163533
59.600000 -0.009600 0.075812 28.163533
59.700000 -0.009600 0.075812 28.163533
59.800000 -0.009600 0.075812 28.163533
59.900000 -0.009600 0.075812 28.163533
60.000000 -0.009600 0.075812 28.163533
60.100000 -0.009600 0.075812 28.163533
60.200000 -0.009600 0.075812 28.163533
60.300000 -0.009600 0.075812 28.163533
60.400000 -0.009600 0.075812 28.163533
60.500000 -0.009600 0.075812 28.163533
60.600000 -0.009600 0.075812 28.163533
60.700000 -0.009600 0.075812 28.163533
60.800000 -0.009600 0.075812 28.163533
60.900000 -0.009600 0.075812 28.163533
61.000000 -0.009600 0.075812 28.163533
61.100000 -0.009600 0.075812 28.163533
61.200000 -0.009600 0.075812 28.163533
61.300000 -0.009600 0.075812 28.163533
61.400000 -0.009600 0.075812 28.163533
61.500000 -0.009600 0.075812 28.163533
61.600000 -0.009600 0.075812 28.163533
61.700000 -0.009600 0.075812 28.163533
61.800000 -0.009600 0.075812 28.163533
61.900000 -0.009600 0.075812 28.163533
62.000000 -0.009600 0.075812 28.163533
62.100000 -0.009600 0.075812 28.163533
62.200000 -0.009600 0.075812 28.163533
62.300000 -0.009600 0.075812 28.163533
62.400000 -0.009600 0.075812 28.163533
62.500000 -0.009600 0.075812 28.163533
62.600000 -0.009600 0.075812 28.163533
62.700000 -0.009600 0.075812 28.163533
62.800000 -0.009600 0.075812 28.163533
62.900000 -0.009600 0.075812 28.163533
63.000000 -0.009600 0.075812 28.163533
63.100000 -0.009600 0.075812 28.163533
63.200000 -0.009600 0.075812 28.163533
63.300000 -0.009600 0.075812 28.163533
63.400000 -0.009600 0.075812 28.163533
63.500000 -0.009600 0.075812 28.163533
63.600000 -0.009600 0.075812 28.163533
63.700000 -0.009600 0.075812 28.163533
63.800000 -0.009600 0.075812 28.163533
63.900000 -0.009600 0.075812 28.163533
64.000000 -0.009600 0.075812 28.163533
64.100000 -0.009600 0.075812 28.163533
64.200000 -0.009600 0.075812 28.163533
64.300000 -0.009600 0.075812 28.163533
64.400000 -0.009600 0.075812 28.163533
64.500000 -0.009600 0.075812 28.163533
64.600000 -0.009600 0.075812 28.163533
64.700000 -0.009600 0.075812 28.163533
64.800000 -0.009600 0.075812 28.163533
64.900000 -0.009600 0.075812 28.163533
65.000000 -0.009600 0.075812 28.163533
65.100000 -0.009600 0.075812 28.163533
65.200000 -0.009600 0.075812 28.163533
65.300000 -0.009600 0.075812 28.163533
65.400000 -0.009600 0.075812 28.163533
65.500000 -0.009600 0.075812 28.163533
65.600000 -0.009600 0.075812 28.163533
65.700000 -0.009600 0.075812 28.163533
65.800000 -0.009600 0.075812 28.163533
65.900000 -0.009600 0.075812 28.163533
66.000000 -0.009600 0.075812 28.163533
66.100000 -0.009600 0.075812 28.163533
66.200000 -0.009600 0.075812 28.163533
66.300000 -0.009600 0.075812 28.163533
66.400000 -0.009600 0.075812 28.163533
66.500000 -0.009600 0.075812 28.163533
66.600000 -0.009600 0.075812 28.163533
66.700000 -0.009600 0.075812 28.163533
66.800000 -0.009600 0.075812 28.163533
66.900000 -0.009600 0.075812 28.163533
67.000000 -0.009600 0.075812 28.163533
67.100000 -0.009600 0.075812 28.163533
67.200000 -0.009600 0.075812 28.163533
67.300000 -0.009600 0.075812 28.163533
67.400000 -0.009600 0.075812 28.163533
67.500000 -0.009600 0.075812 28.163533
67.600000 -0.009600 0.075812 28.163533
67.700000 -0.009600 0.075812 28.163533
67.800000 -0.009600 0.075812 28.163533
67.900000 -0.009600 0.075812 28.163533
68.000000 -0.009600 0.075812 28.163533
68.100000 -0.009600 0.075812 28.163533
68.200000 -0.009600 0.075812 28.163533
68.300000 -0.009600 0.075812 28.163533
68.400000 -0.009600 0.075812 28.163533
68.500000 -0.009600 0.075812 28.163533
68.600000 -0.009600 0.075812 28.163533
68.700000 -0.009600 0.075812 28.163533
68.800000 -0.009600 0.075812 28.163533
68.900000 -0.009600 0.075812 28.163533
69.000000 -0.009600 0.075812 28.163533
69.100000 -0.009600 0.075812 28.163533
69.200000 -0.009600 0.075812 28.163533
69.300000 -0.009600 0.075812 28.163533
69.400000 -0.009600 0.075812 28.163533
69.500000 -0.009600 0.075812 28.163533
69.600000 -0.009600 0.075812 28.163533
69.700000 -0.009600 0.075812 28.163533
69.800000 -0.009600 0.075812 28.163533
69.900000 -0.009600 0.075812 28.163533
70.000000 -0.009600 0.075812 28.163533
70.100000 -0.009600 0.075812 28.163533
70.200000 -0.009600 0.075812 28.163533
70.300000 -0.009600 0.075812 28.163533
70.400000 -0.009600 0.075812 28.163533
70.500000 -0.009600 0.075812 28.163533
70.600000 -0.009600 0.075812 28.163533
70.700000 -0.009600 0.075812 28.163533
70.800000 -0.009600 0.075812 28.163533
70.900000 -0.009600 0.075812 28.163533
71.000000 -0.009600 0.075812 28.163533
71.100000 -0.009600 0.075812 28.163533
71.200000 -0.009600 0.075812 28.163533
71.300000 -0.009600 0.075812 28.163533
71.400000 -0.009600 0.075812 28.163533
71.500000 -0.009600 0.075812 28.163533
71.600000 -0.009600 0.075812 28.163533
71.700000 -0.009600 0.075812 28.163533
71.800000 -0.009600 0.075812 28.163533
71.900000 -0.009600 0.075812 28.163533
72.000000 -0.009600 0.075812 28.163533
72.100000 -0.009600 0.075812 28.163533
72.200000 -0.009600 0.075812 28.163533
72.300000 -0.009600 0.075812 28.163533
72.400000 -0.009600 0.075812 28.163533
72.500000 -0.009600 0.075812 28.163533
72.600000 -0.009600 0.075812 28.163533
72.700000 -0.009600 0.075812 28.163533
72.800000 -0.009600 0.075812 28.163533
72.900000 -0.009600 0.075812 28.163533
73.000000 -0.009600 0.075812 28.163533
73.100000 -0.009600 0.075812 28.163533
73.200000 -0.009600 0.075812 28.163533
73.300000 -0.009600 0.075812 28.163533
73.400000 -0.009600 0.075812 28.163533
73.500000 -0.009600 0.075812 28.163533
73.600000 -0.009600 0.075812 28.163533
73.700000 -0.009600 0.075812 28.163533
73.800000 -0.009600 0.075812 28.163533
73.900000 -0.009600 0.075812 28.163533
74.000000 -0.009600 0.075812 28.163533
74.100000 -0.009600 0.075812 28.163533
74.200000 -0.009600 0.075812 28.163533
74.300000 -0.009600 0.075812 28.163533
74.400000 -0.009600 0.075812 28.163533
74.500000 -0.009600 0.075812 28.163533
74.600000 -0.009600 0.075812 28.163533
74.700000 -0.009600 0.075812 28.163533
74.800000 -0.009600 0.075812 28.163533
74.900000 -0.009600 0.075812 28.163533
75.000000 -0.009600 0.075812 28.163533
75.100000 -0.009600 0.075812 28.163533
75.200000 -0.009600 0.075812 28.163533
75.300000 -0.009600 0.075812 28.163533
75.400000 -0.009600 0.075812 28.163533
75.500000 -0.009600 0.075812 28.163533
75.600000 -0.009600 0.075812 28.163533
75.700000 -0.009600 0.075812 28.163533
75.800000 -0.009600 0.075812 28.163533
75.900000 -0.009600 0.075812 28.163533
76.000000 -0.009600 0.075812 28.163533
76.100000 -0.009600 0.075812 28.163533
76.200000 -0.009600 0.075812 28.163533
76.300000 -0.009600 0.075812 28.163533
76.400000 -0.009600 0.075812 28.163533
76.500000 -0.009600 0.075812 28.163533
76.600000 -0.009600 0.075812 28.163533
76.700000 -0.009600 0.075812 28.163533
76.800000 -0.009600 0.075812 28.163533
76.900000 -0.009600 0.075812 28.163533
77.000000 -0.009600 0.075812 28.163533
77.100000 -0.009600 0.075812 28.163533
77.200000 -0.009600 0.075812 28.163533
77.300000 -0.009600 0.075812 28.163533
77.400000 -0.009600 0.075812 28.163533
77.500000 -0.009600 0.075812 28.163533
77.600000 -0.009600 0.075812 28.163533
77.700000 -0.009600 0.075812 28.163533
77.800000 -0.009600 0.075812 28.163533
77.900000 -0.009600 0.075812 28.163533
78.000000 -0.009600 0.075812 28.163533
78.100000 -0.009600 0.075812 28.163533
78.200000 -0.009600 0.075812 28.163533
78.300000 -0.009600 0.075812 28.163533
78.400000 -0.009600 0.075812 28.163533
78.500000 -0.009600 0.075812 28.163533
78.600000 -0.009600 0.075812 28.163533
78.700000 -0.009600 0.075812 28.163533
78.800000 -0.009600 0.075812 28.163533
78.900000 -0.009600 0.075812 28.163533
79.000000 -0.009600 0.075812 28.163533
79.100000 -0.009600 0.075812 28.163533
79.200000 -0.009600 0.075812 28.163533
79.300000 -0.009600 0.075812 28.163533
79.400000 -0.009600 0.075812 28.163533
79.500000 -0.009600 0.075812 28.163533
79.600000 -0.009600 0.075812 28.163533
79.700000 -0.009600 0.075812 28.163533
79.800000 -0.009600 0.075812 28.163533
79.900000 -0.009600 0.075812 28.163533
80.000000 -0.009600 0.075812 28.163533
80.100000 -0.009600 0.075812 28.163533
80.200000 -0.009600 0.075812 28.163533
80.300000 -0.009600 0.075812 28.163533
80.400000 -0.009600 0.075812 28.163533
80.500000 -0.009600 0.075812 28.163533
80.600000 -0.009600 0.075812 28.163533
80.700000 -0.009600 0.075812 28.163533
80.800000 -0.009600 0.075812 28.163533
80.900000 -0.009600 0.075812 28.163533
81.000000 -0.009600 0.075812 28.163533
81.100000 -0.009600 0.075812 28.163533
81.200000 -0.009600 0.075812 28.163533
81.300000 -0.009600 0.075812 28.163533
81.400000 -0.009600 0.075812 28.163533
81.500000 -0.009600 0.075812 28.163533
81.600000 -0.009600 0.075812 28.163533
81.700000 -0.009600 0.075812 28.163533
81.800000 -0.009600 0.075812 28.163533
81.900000 -0.009600 0.075812 28.163533
82.000000 -0.009600 0.075812 28.163533
82.100000 -0.009600 0.075812 28.163533
82.200000 -0.009600 0.075812 28.163533
82.300000 -0.009600 0.075812 28.163533
82.400000 -0.009600 0.075812 28.163533
82.500000 -0.009600 0.075812 28.163533
82.600000 -0.009600 0.075812 28.163533
82.700000 -0.009600 0.075812 28.163533
82.800000 -0.009600 0.075812 28.163533
82.900000 -0.009600 0.075812 28.163533
83.000000 -0.009600 0.075812 28.163533
83.100000 -0.009600 0.075812 28.163533
83.200000 -0.009600 0.075812 28.163533
83.300000 -0.009600 0.075812 28.163533
83.400000 -0.009600 0.075812 28.163533
83.500000 -0.009600 0.075812 28.163533
83.600000 -0.009600 0.075812 28.163533
83.700000 -0.009600 0.075812 28.163533
83.800000 -0.009600 0.075812 28.163533
83.900000 -0.009600 0.075812 28.163533
84.000000 -0.009600 0.075812 28.163533
84.100000 -0.009600 0.075812 28.163533
84.200000 -0.009600 0.075812 28.163533
84.300000 -0.009600 0.075812 28.163533
84.400000 -0.009600 0.075812 28.163533
84.500000 -0.009600 0.075812 28.163533
84.600000 -0.009600 0.075812 28.163533
84.700000 -0.009600 0.075812 28.163533
84.800000 -0.009600 0.075812 28.163533
84.900000 -0.009600 0.075812 28.163533
85.000000 -0.009600 0.075812 28.163533
85.100000 -0.009600 0.075812 28.163533
85.200000 -0.009600 0.075812 28.163533
85.300000 -0.009600 0.075812 28.163533
85.400000 -0.009600 0.075812 28.163533
85.500000 -0.009600 0.075812 28.163533
85.600000 -0.009600 0.075812 28.163533
85.700000 -0.009600 0.075812 28.163533
85.800000 -0.009600 0.075812 28.163533
85.900000 -0.009600 0.075812 28.163533
86.000000 -0.009600 0.075812 28.163533
86.100000 -0.009600 0.075812 28.163533
86.200000 -0.009600 0.075812 28.163533
86.300000 -0.009600 0.075812 28.163533
86.400000 -0.009600 0.075812 28.163533
86.500000 -0.009600 0.075812 28.163533
86.600000 -0.009600 0.075812 28.163533
86.700000 -0.009600 0.075812 28.163533
86.800000 -0.009600 0.075812 28.163533
86.900000 -0.009600 0.075812 28.163533
87.000000 -0.009600 0.075812 28.163533
87.100000 -0.009600 0.075812 28.163533
87.200000 -0.009600 0.075812 28.163533
87.300000 -0.009600 0.075812 28.163533
87.400000 -0.009600 0.075812 28.163533
87.500000 -0.009600 0.075812 28.163533
87.600000 -0.009600 0.075812 28.163533
87.700000 -0.009600 0.075812 28.163533
87.800000 -0.009600 0.075812 28.163533
87.900000 -0.009600 0.075812 28.163533
88.000000 -0.009600 0.075812 28.163533
88.100000 -0.009600 0.075812 28.163533
88.200000 -0.009600 0.075812 28.163533
88.300000 -0.009600 0.075812 28.163533
88.400000 -0.009600 0.075812 28.163533
88.500000 -0.009600 0.075812 28.163533
88.600000 -0.009600 0.075812 28.163533
88.700000 -0.009600 0.075812 28.163533
88.800000 -0.009600 0.075812 28.163533
88.900000 -0.009600 0.075812 28.163533
89.000000 -0.009600 0.075812 28.163533
89.100000 -0.009600 0.075812 28.163533
89.200000 -0.009600 0.075812 28.163533
89.300000 -0.009600 0.075812 28.163533
89.400000 -0.009600 0.075812 28.163533
89.500000 -0.009600 0.075812 28.163533
89.600000 -0.009600 0.075812 28.163533
89.700000 -0.009600 0.075812 28.163533
89.800000 -0.009600 0.075812 28.163533
89.900000 -0.009600 0.075812 28.163533
90.000000 -0.009600 0.075812 28.163533
90.100000 -0.009600 0.075812 28.163533
90.200000 -0.009600 0.075812 28.163533
90.300000 -0.009600 0.075812 28.163533
90.400000 -0.009600 0.075812 28.163533
90.500000 -0.009600 0.075812 28.163533
90.600000 -0.009600 0.075812 28.163533
90.700000 -0.009600 0.075812 28.163533
90.800000 -0.009600 0.075812 28.163533
90.900000 -0.009600 0.075812 28.163533
91.000000 -0.009600 0.075812 28.163533
91.100000 -0.009600 0.075812 28.163533
91.200000 -0.009600 0.075812 28.163533
91.300000 -0.009600 0.075812 28.163533
91.400000 -0.009600 0.075812 28.163533
91.500000 -0.009600 0.075812 28.163533
91.600000 -0.009600 0.075812 28.163533
91.700000 -0.009600 0.075812 28.163533
91.800000 -0.009600 0.075812 28.163533
91.900000 -0.009600 0.075812 28.163533
92.000000 -0.009600 0.075812 28.163533
92.100000 -0.009600 0.075812 28.163533
92.200000 -0.009600 0.075812 28.163533
92.300000 -0.009600 0.075812 28.163533
92.400000 -0.009600 0.075812 28.163533
92.500000 -0.009600 0.075812 28.163533
92.600000 -0.009600 0.075812 28.163533
92.700000 -0.009600 0.075812 28.163533
92.800000 -0.009600 0.075812 28.163533
92.900000 -0.009600 0.075812 28.163533
93.000000 -0.009600 0.075812 28.163533
93.100000 -0.009600 0.075812 28.163533
93.200000 -0.009600 0.075812 28.163533
93.300000 -0.009600 0.075812 28.163533
93.400000 -0.009600 0.075812 28.163533
93.500000 -0.009600 0.075812 28.163533
93.600000 -0.009600 0.075812 28.163533
93.700000 -0.009600 0.075812 28.163533
93.800000 -0.009600 0.075812 28.163533
93.900000 -0.009600 0.075812 28.163533
94.000000 -0.009600 0.075812 28.163533
94.100000 -0.009600 0.075812 28.163533
94.200000 -0.009600 0.075812 28.163533
94.300000 -0.009600 0.075812 28.163533
94.400000 -0.009600 0.075812 28.163533
94.500000 -0.009600 0.075812 28.163533
94.600000 -0.009600 0.075812 28.163533
94.700000 -0.009600 0.075812 28.163533
94.800000 -0.009600 0.075812 28.163533
94.900000 -0.009600 0.075812 28.163533
95.000000 -0.009600 0.075812 28.163533
95.100000 -0.009600 0.075812 28.163533
95.200000 -0.009600 0.075812 28.163533
95.300000 -0.009600 0.075812 28.163533
95.400000 -0.009600 0.075812 28.163533
95.500000 -0.009600 0.075812 28.163533
95.600000 -0.009600 0.075812 28.163533
95.700000 -0.009600 0.075812 28.163533
95.800000 -0.009600 0.075812 28.163533
95.900000 -0.009600 0.075812 28.163533
96.000000 -0.009600 0.075812 28.163533
96.100000 -0.009600 0.075812 28.163533
96.200000 -0.009600 0.075812 28.163533
96.300000 -0.009600 0.075812 28.163533
96.400000 -0.009600 0.075812 28.163533
96.500000 -0.009600 0.075812 28.163533
96.600000 -0.009600 0.075812 28.163533
96.700000 -0.009600 0.075812 28.163533
96.800000 -0.009600 0.075812 28.163533
96.900000 -0.009600 0.075812 28.163533
97.000000 -0.009600 0.075812 28.163533
97.100000 -0.009600 0.075812 28.163533
97.200000 -0.009600 0.075812 28.163533
97.300000 -0.009600 0.075812 28.163533
97.400000 -0.009600 0.075812 28.163533
97.500000 -0.009600 0.075812 28.163533
97.600000 -0.009600 0.075812 28.163533
97.700000 -0.009600 0.075812 28.163533
97.800000 -0.009600 0.075812 28.163533
97.900000 -0.009600 0.075812 28.163533
98.000000 -0.009600 0.075812 28.163533
98.100000 -0.009600 0.075812 28.163533
98.200000 -0.009600 0.075812 28.163533
98.300000 -0.009600 0.075812 28.163533
98.400000 -0.009600 0.075812 28.163533
98.500000 -0.009600 0.075812 28.163533
98.600000 -0.009600 0.075812 28.163533
98.700000 -0.009600 0.075812 28.163533
98.800000 -0.009600 0.075812 28.163533
98.900000 -0.009600 0.075812 28.163533
99.000000 -0.009600 0.075812 28.163533
99.100000 -0.009600 0.075812 28.163533
99.200000 -0.009600 0.075812 28.163533
99.300000 -0.009600 0.075812 28.163533
99.400000 -0.009600 0.075812 28.163533
99.500000 -0.009600 0.075812 28.163533
99.600000 -0.009600 0.075812 28.163533
99.700000 -0.009600 0.075812 28.163533
99.800000 -0.009600 0.075812 28.163533
99.900000 -0.009600 0.075812 28.163533
100.000000 -0.009600 0.075812 28.163533
100.100000 -0.009600 0.075812 28.163533
100.200000 -0.009600 0.075812 28.163533
100.300000 -0.009600 0.075812 28.163533
100.400000 -0.009600 0.075812 28.163533
100.500000 -0.009600 0.075812 28.163533
100.600000 -0.009600 0.075812 28.163533
100.700000 -0.009600 0.075812 28.163533
100.800000 -0.009600 0.075812 28.163533
100.900000 -0.009600 0.075812 28.163533
101.000000 -0.009600 0.075812 28.163533
101.100000 -0.009600 0.075812 28.163533
101.200000 -0.009600 0.075812 28.163533
101.300000 -0.009600 0.075812 28.163533
101.400000 -0.009600 0.075812 28.163533
101.500000 -0.009600 0.075812 28.163533
101.600000 -0.009600 0.075812 28.163533
101.700000 -0.009600 0.075812 28.163533
101.800000 -0.009600 0.075812 28.163533
101.900000 -0.009600 0.075812 28.163533
102.000000 -0.009600 0.075812 28.163533
102.100000 -0.009600 0.075812 28.163533
102.200000 -0.009600 0.075812 28.163533
102.300000 -0.009600 0.075812 28.163533
102.400000 -0.009600 0.075812 28.163533
102.500000 -0.009600 0.075812 28.163533
102.600000 -0.009600 0.075812 28.163533
102.700000 -0.009600 0.075812 28.163533
102.800000 -0.009600 0.075812 28.163533
102.900000 -0.009600 0.075812 28.163533
103.000000 -0.009600 0.075812 28.163533
103.100000 -0.009600 0.075812 28.163533
103.200000 -0.009600 0.075812 28.163533
103.300000 -0.009600 0.075812 28.163533
103.400000 -0.009600 0.075812 28.163533
103.500000 -0.009600 0.075812 28.163533
103.600000 -0.009600 0.075812 28.163533
103.700000 -0.009600 0.075812 28.163533
103.800000 -0.009600 0.075812 28.163533
103.900000 -0.009600 0.075812 28.163533
104.000000 -0.009600 0.075812 28.163533
104.100000 -0.009600 0.075812 28.163533
104.200000 -0.009600 0.075812 28.163533
104.300000 -0.009600 0.075812 28.163533
104.400000 -0.009600 0.075812 28.163533
104.500000 -0.009600 0.075812 28.163533
104.600000 -0.009600 0.075812 28.163533
104.700000 -0.009600 0.075812 28.163533
104.800000 -0.009600 0.075812 28.163533
104.900000 -0.009600 0.075812 28.163533
105.000000 -0.009600 0.075812 28.163533
105.100000 -0.009600 0.075812 28.163533
105.200000 -0.009600 0.075812 28.163533
105.300000 -0.009600 0.075812 28.163533
105.400000 -0.009600 0.075812 28.163533
105.500000 -0.009600 0.075812 28.163533
105.600000 -0.009600 0.075812 28.163533
105.700000 -0.009600 0.075812 28.163533
105.800000 -0.009600 0.075812 28.163533
105.900000 -0.009600 0.075812 28.163533
106.000000 -0.009600 0.075812 28.163533
106.100000 -0.009600 0.075812 28.163533
106.200000 -0.009600 0.075812 28.163533
106.300000 -0.009600 0.075812 28.163533
106.400000 -0.009600 0.075812 28.163533
106.500000 -0.009600 0.075812 28.163533
106.600000 -0.009600 0.075812 28.163533
106.700000 -0.009600 0.075812 28.163533
106.800000 -0.009600 0.075812 28.163533
106.900000 -0.009600 0.075812 28.163533
107.000000 -0.009600 0.075812 28.163533
107.100000 -0.009600 0.075812 28.163533
107.200000 -0.009600 0.075812 28.163533
107.300000 -0.009600 0.075812 28.163533
107.400000 -0.009600 0.075812 28.163533
107.500000 -0.009600 0.075812 28.163533
107.600000 -0.009600 0.075812 28.163533
107.700000 -0.009600 0.075812 28.163533
107.800000 -0.009600 0.075812 28.163533
107.900000 -0.009600 0.075812 28.163533
108.000000 -0.009600 0.075812 28.163533
108.100000 -0.009600 0.075812 28.163533
108.200000 -0.009600 0.075812 28.163533
108.300000 -0.009600 0.075812 28.163533
108.400000 -0.009600 0.075812 28.163533
108.500000 -0.009600 0.075812 28.163533
108.600000 -0.009600 0.075812 28.163533
108.700000 -0.009600 0.075812 28.163533
108.800000 -0.009600 0.075812 28.163533
108.900000 -0.009600 0.075812 28.163533
109.000000 -0.009600 0.075812 28.163533
109.100000 -0.009600 0.075812 28.163533
109.200000 -0.009600 0.075812 28.163533
109.300000 -0.009600 0.075812 28.163533
109.400000 -0.009600 0.075812 28.163533
109.500000 -0.009600 0.075812 28.163533
109.600000 -0.009600 0.075812 28.163533
109.700000 -0.009600 0.075812 28.163533
109.800000 -0.009600 0.075812 28.163533
109.900000 -0.009600 0.075812 28.163533
110.000000 -0.009600 0.075812 28.163533
110.100000 -0.009600 0.075812 28.163533
110.200000 -0.009600 0.075812 28.163533
110.300000 -0.009600 0.075812 28.163533
110.400000 -0.009600 0.075812 28.163533
110.500000 -0.009600 0.075812 28.163533
110.600000 -0.009600 0.075812 28.163533
110.700000 -0.009600 0.075812 28.163533
110.800000 -0.009600 0.075812 28.163533
110.900000 -0.009600 0.075812 28.163533
111.000000 -0.009600 0.075812 28.163533
111.100000 -0.009600 0.075812 28.163533
111.200000 -0.009600 0.075812 28.163533
111.300000 -0.009600 0.075812 28.163533
111.400000 -0.009600 0.075812 28.163533
111.500000 -0.009600 0.075812 28.163533
111.600000 -0.009600 0.075812 28.163533
111.700000 -0.009600 0.075812 28.163533
111.800000 -0.009600 0.075812 28.163533
111.900000 -0.009600 0.075812 28.163533
112.000000 -0.009600 0.075812 28.163533
112.100000 -0.009600 0.075812 28.163533
112.200000 -0.009600 0.075812 28.163533
112.300000 -0.009600 0.075812 28.163533
112.400000 -0.009600 0.075812 28.163533
112.500000 -0.009600 0.075812 28.163533
112.600000 -0.009600 0.075812 28.163533
112.700000 -0.009600 0.075812 28.163533
112.800000 -0.009600 0.075812 28.163533
112.900000 -0.009600 0.075812 28.163533
113.000000 -0.009600 0.075812 28.163533
113.100000 -0.009600 0.075812 28.163533
113.200000 -0.009600 0.075812 28.163533
113.300000 -0.009600 0.075812 28.163533
113.400000 -0.009600 0.075812 28.163533
113.500000 -0.009600 0.075812 28.163533
113.600000 -0.009600 0.075812 28.163533
113.700000 -0.009600 0.075812 28.163533
113.800000 -0.009600 0.075812 28.163533
113.900000 -0.009600 0.075812 28.163533
114.000000 -0.009600 0.075812 28.163533
114.100000 -0.009600 0.075812 28.163533
114.200000 -0.009600 0.075812 28.163533
114.300000 -0.009600 0.075812 28.163533
114.400000 -0.009600 0.075812 28.163533
114.500000 -0.009600 0.075812 28.163533
114.600000 -0.009600 0.075812 28.163533
114.700000 -0.009600 0.075812 28.163533
114.800000 -0.009600 0.075812 28.163533
114.900000 -0.009600 0.075812 28.163533
115.000000 -0.009600 0.075812 28.163533
115.100000 -0.009600 0.075812 28.163533
115.200000 -0.009600 0.075812 28.163533
115.300000 -0.009600 0.075812 28.163533
115.400000 -0.009600 0.075812 28.163533
115.500000 -0.009600 0.075812 28.163533
115.600000 -0.009600 0.075812 28.163533
115.700000 -0.009600 0.075812 28.163533
115.800000 -0.009600 0.075812 28.163533
115.900000 -0.009600 0.075812 28.163533
116.000000 -0.009600 0.075812 28.163533
116.100000 -0.009600 0.075812 28.163533
116.200000 -0.009600 0.075812 28.163533
116.300000 -0.009600 0.075812 28.163533
116.400000 -0.009600 0.075812 28.163533
116.500000 -0.009600 0.075812 28.163533
116.600000 -0.009600 0.075812 28.163533
116.700000 -0.009600 0.075812 28.163533
116.800000 -0.009600 0.075812 28.163533
116.900000 -0.009600 0.075812 28.163533
117.000000 -0.009600 0.075812 28.163533
117.100000 -0.009600 0.075812 28.163533
117.200000 -0.009600 0.075812 28.163533
117.300000 -0.009600 0.075812 28.163533
117.400000 -0.009600 0.075812 28.163533
117.500000 -0.009600 0.075812 28.163533
117.600000 -0.009600 0.075812 28.163533
117.700000 -0.009600 0.075812 28.163533
117.800000 -0.009600 0.075812 28.163533
117.900000 -0.009600 0.075812 28.163533
118.000000 -0.009600 0.075812 28.163533
118.100000 -0.009600 0.075812 28.163533
118.200000 -0.009600 0.075812 28.163533
118.300000 -0.009600 0.075812 28.163533
118.400000 -0.009600 0.075812 28.163533
118.500000 -0.009600 0.075812 28.163533
118.600000 -0.009600 0.075812 28.163533
118.700000 -0.009600 0.075812 28.163533
118.800000 -0.009600 0.075812 28.163533
118.900000 -0.009600 0.075812 28.163533
119.000000 -0.009600 0.075812 28.163533
119.100000 -0.009600 0.075812 28.163533
119.200000 -0.009600 0.075812 28.163533
119.300000 -0.009600 0.075812 28.163533
119.400000 -0.009600 0.075812 28.163533
119.500000 -0.009600 0.075812 28.163533
119.600000 -0.009600 0.075812 28.163533
119.700000 -0.009600 0.075812 28.163533
119.800000 -0.009600 0.075812 28.163533
119.900000 -0.009600 0.075812 28.163533
120.000000 -0.009600 0.075812 28.163533
120.100000 -0.009600 0.075812 28.163533
120.200000 -0.009600 0.075812 28.163533
120.300000 -0.009600 0.075812 28.163533
120.400000 -0.009600 0.075812 28.163533
120.500000 -0.009600 0.075812 28.163533
120.600000 -0.009600 0.075812 28.163533
120.700000 -0.009600 0.075812 28.163533
120.800000 -0.009600 0.075812 28.163533
120.900000 -0.009600 0.075812 28.163533
121.000000 -0.009600 0.075812 28.163533
121.100000 -0.009600 0.075812 28.163533
121.200000 -0.009600 0.075812 28.163533
121.300000 -0.009600 0.075812 28.163533
121.400000 -0.009600 0.075812 28.163533
121.500000 -0.009600 0.075812 28.163533
121.600000 -0.009600 0.075812 28.163533
121.700000 -0.009600 0.075812 28.163533
121.800000 -0.009600 0.075812 28.163533
121.900000 -0.009600 0.075812 28.163533
122.000000 -0.009600 0.075812 28.163533
122.100000 -0.009600 0.075812 28.163533
122.200000 -0.009600 0.075812 28.163533
122.300000 -0.009600 0.075812 28.163533
122.400000 -0.009600 0.075812 28.163533
122.500000 -0.009600 0.075812 28.163533
122.600000 -0.009600 0.075812 28.163533
122.700000 -0.009600 0.075812 28.163533
122.800000 -0.009600 0.075812 28.163533
122.900000 -0.009600 0.075812 28.163533
123.000000 -0.009600 0.075812 28.163533
123.100000 -0.009600 0.075812 28.163533
123.200000 -0.009600 0.075812 28.163533
123.300000 -0.009600 0.075812 28.163533
123.400000 -0.009600 0.075812 28.163533
123.500000 -0.009600 0.075812 28.163533
123.600000 -0.009600 0.075812 28.163533
123.700000 -0.009600 0.075812 28.163533
123.800000 -0.009600 0.075812 28.163533
123.900000 -0.009600 0.075812 28.163533
124.000000 -0.009600 0.075812 28.163533
124.100000 -0.009600 0.075812 28.163533
124.200000 -0.009600 0.075812 28.163533
124.300000 -0.009600 0.075812 28.163533
124.400000 -0.009600 0.075812 28.163533
124.500000 -0.009600 0.075812 28.163533
124.600000 -0.009600 0.075812 28.163533
124.700000 -0.009600 0.075812 28.163533
124.800000 -0.009600 0.075812 28.163533
124.900000 -0.009600 0.075812 28.163533
125.000000 -0.009600 0.075812 28.163533
125.100000 -0.009600 0.075812 28.163533
125.200000 -0.009600 0.075812 28.163533
125.300000 -0.009600 0.075812 28.163533
125.400000 -0.009600 0.075812 28.163533
125.500000 -0.009600 0.075812 28.163533
125.600000 -0.009600 0.075812 28.163533
125.700000 -0.009600 0.075812 28.163533
125.800000 -0.009600 0.075812 28.163533
125.900000 -0.009600 0.075812 28.163533
126.000000 -0.009600 0.075812 28.163533
126.100000 -0.009600 0.075812 28.163533
126.200000 -0.009600 0.075812 28.163533
126.300000 -0.009600 0.075812 28.163533
126.400000 -0.009600 0.075812 28.163533
126.500000 -0.009600 0.075812 28.163533
126.600000 -0.009600 0.075812 28.163533
126.700000 -0.009600 0.075812 28.163533
126.800000 -0.009600 0.075812 28.163533
126.900000 -0.009600 0.075812 28.163533
127.000000 -0.009600 0.075812 28.163533
127.100000 -0.009600 0.075812 28.163533
127.200000 -0.009600 0.075812 28.163533
127.300000 -0.009600 0.075812 28.163533
127.400000 -0.009600 0.075812 28.163533
127.500000 -0.009600 0.075812 28.163533
127.600000 -0.009600 0.075812 28.163533
127.700000 -0.009600 0.075812 28.163533
127.800000 -0.009600 0.075812 28.163533
127.900000 -0.009600 0.075812 28.163533
128.000000 -0.009600 0.075812 28.163533
128.100000 -0.009600 0.075812 28.163533
128.200000 -0.009600 0.075812 28.163533
128.300000 -0.009600 0.075812 28.163533
128.400000 -0.009600 0.075812 28.163533
128.500000 -0.009600 0.075812 28.163533
128.600000 -0.009600 0.075812 28.163533
128.700000 -0.009600 0.075812 28.163533
128.800000 -0.009600 0.075812 28.163533
128.900000 -0.009600 0.075812 28.163533
129.000000 -0.009600 0.075812 28.163533
129.100000 -0.009600 0.075812 28.163533
129.200000 -0.009600 0.075812 28.163533
129.300000 -0.009600 0.075812 28.163533
129.400000 -0.009600 0.075812 28.163533
129.500000 -0.009600 0.075812 28.163533
129.600000 -0.009600 0.075812 28.163533
129.700000 -0.009600 0.075812 28.163533
129.800000 -0.009600 0.075812 28.163533
129.900000 -0.009600 0.075812 28.163533
130.000000 -0.009600 0.075812 28.163533
130.100000 -0.009600 0.075812 28.163533
130.200000 -0.009600 0.075812 28.163533
130.300000 -0.009600 0.075812 28.163533
130.400000 -0.009600 0.075812 28.163533
130.500000 -0.009600 0.075812 28.163533
130.600000 -0.009600 0.075812 28.163533
130.700000 -0.009600 0.075812 28.163533
130.800000 -0.009600 0.075812 28.163533
130.900000 -0.009600 0.075812 28.163533
131.000000 -0.009600 0.075812 28.163533
131.100000 -0.009600 0.075812 28.163533
131.200000 -0.009600 0.075812 28.163533
131.300000 -0.009600 0.075812 28.163533
131.400000 -0.009600 0.075812 28.163533
131.500000 -0.009600 0.075812 28.163533
131.600000 -0.009600 0.075812 28.163533
131.700000 -0.009600 0.075812 28.163533
131.800000 -0.009600 0.075812 28.163533
131.900000 -0.009600 0.075812 28.163533
132.000000 -0.009600 0.075812 28.163533
132.100000 -0.009600 0.075812 28.163533
132.200000 -0.009600 0.075812 28.163533
132.300000 -0.009600 0.075812 28.163533
132.400000 -0.009600 0.075812 28.163533
132.500000 -0.009600 0.075812 28.163533
132.600000 -0.009600 0.075812 28.163533
132.700000 -0.009600 0.075812 28.163533
132.800000 -0.009600 0.075812 28.163533
132.900000 -0.009600 0.075812 28.163533
133.000000 -0.009600 0.075812 28.163533
133.100000 -0.009600 0.075812 28.163533
133.200000 -0.009600 0.075812 28.163533
133.300000 -0.009600 0.075812 28.163533
133.400000 -0.009600 0.075812 28.163533
133.500000 -0.009600 0.075812 28.163533
133.600000 -0.009600 0.075812 28.163533
133.700000 -0.009600 0.075812 28.163533
133.800000 -0.009600 0.075812 28.163533
133.900000 -0.009600 0.075812 28.163533
134.000000 -0.009600 0.075812 28.163533
134.100000 -0.009600 0.075812 28.163533
134.200000 -0.009600 0.075812 28.163533
134.300000 -0.009600 0.075812 28.163533
134.400000 -0.009600 0.075812 28.163533
134.500000 -0.009600 0.075812 28.163533
134.600000 -0.009600 0.075812 28.163533
134.700000 -0.009600 0.075812 28.163533
134.800000 -0.009600 0.075812 28.163533
134.900000 -0.009600 0.075812 28.163533
135.000000 -0.009600 0.075812 28.163533
135.100000 -0.009600 0.075812 28.163533
135.200000 -0.009600 0.075812 28.163533
135.300000 -0.009600 0.075812 28.163533
135.400000 -0.009600 0.075812 28.163533
135.500000 -0.009600 0.075812 28.163533
135.600000 -0.009600 0.075812 28.163533
135.700000 -0.009600 0.075812 28.163533
135.800000 -0.009600 0.075812 28.163533
135.900000 -0.009600 0.075812 28.163533
136.000000 -0.009600 0.075812 28.163533
136.100000 -0.009600 0.075812 28.163533
136.200000 -0.009600 0.075812 28.163533
136.300000 -0.009600 0.075812 28.163533
136.400000 -0.009600 0.075812 28.163533
136.500000 -0.009600 0.075812 28.163533
136.600000 -0.009600 0.075812 28.163533
136.700000 -0.009600 0.075812 28.163533
136.800000 -0.009600 0.075812 28.163533
136.900000 -0.009600 0.075812 28.163533
137.000000 -0.009600 0.075812 28.163533
137.100000 -0.009600 0.075812 28.163533
137.200000 -0.009600 0.075812 28.163533
137.300000 -0.009600 0.075812 28.163533
137.400000 -0.009600 0.075812 28.163533
137.500000 -0.009600 0.075812 28.163533
137.600000 -0.009600 0.075812 28.163533
137.700000 -0.009600 0.075812 28.163533
137.800000 -0.009600 0.075812 28.163533
137.900000 -0.009600 0.075812 28.163533
138.000000 -0.009600 0.075812 28.163533
138.100000 -0.009600 0.075812 28.163533
138.200000 -0.009600 0.075812 28.163533
138.300000 -0.009600 0.075812 28.163533
138.400000 -0.009600 0.075812 28.163533
138.500000 -0.009600 0.075812 28.163533
138.600000 -0.009600 0.075812 28.163533
138.700000 -0.009600 0.075812 28.163533
138.800000 -0.009600 0.075812 28.163533
138.900000 -0.009600 0.075812 28.163533
139.000000 -0.009600 0.075812 28.163533
139.100000 -0.009600 0.075812 28.163533
139.200000 -0.009600 0.075812 28.163533
139.300000 -0.009600 0.075812 28.163533
139.400000 -0.009600 0.075812 28.163533
139.500000 -0.009600 0.075812 28.163533
139.600000 -0.009600 0.075812 28.163533
139.700000 -0.009600 0.075812 28.163533
139.800000 -0.009600 0.075812 28.163533
139.900000 -0.009600 0.075812 28.163533
140.000000 -0.009600 0.075812 28.163533
140.100000 -0.009600 0.075812 28.163533
140.200000 -0.009600 0.075812 28.163533
140.300000 -0.009600 0.075812 28.163533
140.400000 -0.009600 0.075812 28.163533
140.500000 -0.009600 0.075812 28.163533
140.600000 -0.009600 0.075812 28.163533
140.700000 -0.009600 0.075812 28.163533
140.800000 -0.009600 0.075812 28.163533
140.900000 -0.009600 0.075812 28.163533
141.000000 -0.009600 0.075812 28.163533
141.100000 -0.009600 0.075812 28.163533
141.200000 -0.009600 0.075812 28.163533
141.300000 -0.009600 0.075812 28.163533
141.400000 -0.009600 0.075812 28.163533
141.500000 -0.009600 0.075812 28.163533
141.600000 -0.009600 0.075812 28.163533
141.700000 -0.009600 0.075812 28.163533
141.800000 -0.009600 0.075812 28.163533
141.900000 -0.009600 0.075812 28.163533
142.000000 -0.009600 0.075812 28.163533
142.100000 -0.009600 0.075812 28.163533
142.200000 -0.009600 0.075812 28.163533
142.300000 -0.009600 0.075812 28.163533
142.400000 -0.009600 0.075812 28.163533
142.500000 -0.009600 0.075812 28.163533
142.600000 -0.009600 0.075812 28.163533
142.700000 -0.009600 0.075812 28.163533
142.800000 -0.009600 0.075812 28.163533
142.900000 -0.009600 0.075812 28.163533
143.000000 -0.009600 0.075812 28.163533
143.100000 -0.009600 0.075812 28.163533
143.200000 -0.009600 0.075812 28.163533
143.300000 -0.009600 0.075812 28.163533
143.400000 -0.009600 0.075812 28.163533
143.500000 -0.009600 0.075812 28.163533
143.600000 -0.009600 0.075812 28.163533
143.700000 -0.009600 0.075812 28.163533
143.800000 -0.009600 0.075812 28.163533
143.900000 -0.009600 0.075812 28.163533
144.000000 -0.009600 0.075812 28.163533
144.100000 -0.009600 0.075812 28.163533
144.200000 -0.009600 0.075812 28.163533
144.300000 -0.009600 0.075812 28.163533
144.400000 -0.009600 0.075812 28.163533
144.500000 -0.009600 0.075812 28.163533
144.600000 -0.009600 0.075812 28.163533
144.700000 -0.009600 0.075812 28.163533
144.800000 -0.009600 0.075812 28.163533
144.900000 -0.009600 0.075812 28.163533
145.000000 -0.009600 0.075812 28.163533
145.100000 -0.009600 0.075812 28.163533
145.200000 -0.009600 0.075812 28.163533
145.300000 -0.009600 0.075812 28.163533
145.400000 -0.009600 0.075812 28.163533
145.500000 -0.009600 0.075812 28.163533
145.600000 -0.009600 0.075812 28.163533
145.700000 -0.009600 0.075812 28.163533
145.800000 -0.009600 0.075812 28.163533
145.900000 -0.009600 0.075812 28.163533
146.000000 -0.009600 0.075812 28.163533
146.100000 -0.009600 0.075812 28.163533
146.200000 -0.009600 0.075812 28.163533
146.300000 -0.009600 0.075812 28.163533
146.400000 -0.009600 0.075812 28.163533
146.500000 -0.009600 0.075812 28.163533
146.600000 -0.009600 0.075812 28.163533
146.700000 -0.009600 0.075812 28.163533
146.800000 -0.009600 0.075812 28.163533
146.900000 -0.009600 0.075812 28.163533
147.000000 -0.009600 0.075812 28.163533
147.100000 -0.009600 0.075812 28.163533
147.200000 -0.009600 0.075812 28.163533
147.300000 -0.009600 0.075812 28.163533
147.400000 -0.009600 0.075812 28.163533
147.500000 -0.009600 0.075812 28.163533
147.600000 -0.009600 0.075812 28.163533
147.700000 -0.009600 0.075812 28.163533
147.800000 -0.009600 0.075812 28.163533
147.900000 -0.009600 0.075812 28.163533
148.000000 -0.009600 0.075812 28.163533
148.100000 -0.009600 0.075812 28.163533
148.200000 -0.009600 0.075812 28.163533
148.300000 -0.009600 0.075812 28.163533
148.400000 -0.009600 0.075812 28.163533
148.500000 -0.009600 0.075812 28.163533
148.600000 -0.009600 0.075812 28.163533
148.700000 -0.009600 0.075812 28.163533
148.800000 -0.009600 0.075812 28.163533
148.900000 -0.009600 0.075812 28.163533
149.000000 -0.009600 0.075812 28.163533
149.100000 -0.009600 0.075812 28.163533
149.200000 -0.009600 0.075812 28.163533
149.300000 -0.009600 0.075812 28.163533
149.400000 -0.009600 0.075812 28.163533
149.500000 -0.009600 0.075812 28.163533
149.600000 -0.009600 0.075812 28.163533
149.700000 -0.009600 0.075812 28.163533
149.800000 -0.009600 0.075812 28.163533
149.900000 -0.009600 0.075812 28.163533
150.000000 -0.009600 0.075812 28.163533
150.100000 -0.009600 0.075812 28.163533
150.200000 -0.009600 0.075812 28.163533
150.300000 -0.009600 0.075812 28.163533
150.400000 -0.009600 0.075812 28.163533
150.500000 -0.009600 0.075812 28.163533
150.600000 -0.009600 0.075812 28.163533
150.700000 -0.009600 0.075812 28.163533
150.800000 -0.009600 0.075812 28.163533
150.900000 -0.009600 0.075812 28.163533
151.000000 -0.009600 0.075812 28.163533
151.100000 -0.009600 0.075812 28.163533
151.200000 -0.009600 0.075812 28.163533
151.300000 -0.009600 0.075812 28.163533
151.400000 -0.009600 0.075812 28.163533
151.500000 -0.009600 0.075812 28.163533
151.600000 -0.009600 0.075812 28.163533
151.700000 -0.009600 0.075812 28.163533
151.800000 -0.009600 0.075812 28.163533
151.900000 -0.009600 0.075812 28.163533
152.000000 -0.009600 0.075812 28.163533
152.100000 -0.009600 0.075812 28.163533
152.200000 -0.009600 0.075812 28.163533
152.300000 -0.009600 0.075812 28.163533
152.400000 -0.009600 0.075812 28.163533
152.500000 -0.009600 0.075812 28.163533
152.600000 -0.009600 0.075812 28.163533
152.700000 -0.009600 0.075812 28.163533
152.800000 -0.009600 0.075812 28.163533
152.900000 -0.009600 0.075812 28.163533
153.000000 -0.009600 0.075812 28.163533
153.100000 -0.009600 0.075812 28.163533
153.200000 -0.009600 0.075812 28.163533
153.300000 -0.009600 0.075812 28.163533
153.400000 -0.009600 0.075812 28.163533
153.500000 -0.009600 0.075812 28.163533
153.600000 -0.009600 0.075812 28.163533
153.700000 -0.009600 0.075812 28.163533
153.800000 -0.009600 0.075812 28.163533
153.900000 -0.009600 0.075812 28.163533
154.000000 -0.009600 0.075812 28.163533
154.100000 -0.009600 0.075812 28.163533
154.200000 -0.009600 0.075812 28.163533
154.300000 -0.009600 0.075812 28.163533
154.400000 -0.009600 0.075812 28.163533
154.500000 -0.009600 0.075812 28.163533
154.600000 -0.009600 0.075812 28.163533
154.700000 -0.009600 0.075812 28.163533
154.800000 -0.009600 0.075812 28.163533
154.900000 -0.009600 0.075812 28.163533
155.000000 -0.009600 0.075812 28.163533
155.100000 -0.009600 0.075812 28.163533
155.200000 -0.009600 0.075812 28.163533
155.300000 -0.009600 0.075812 28.163533
155.400000 -0.009600 0.075812 28.163533
155.500000 -0.009600 0.075812 28.163533
155.600000 -0.009600 0.075812 28.163533
155.700000 -0.009600 0.075812 28.163533
155.800000 -0.009600 0.075812 28.163533
155.900000 -0.009600 0.075812 28.163533
156.000000 -0.009600 0.075812 28.163533
156.100000 -0.009600 0.075812 28.163533
156.200000 -0.009600 0.075812 28.163533
156.300000 -0.009600 0.075812 28.163533
156.400000 -0.009600 0.075812 28.163533
156.500000 -0.009600 0.075812 28.163533
156.600000 -0.009600 0.075812 28.163533
156.700000 -0.009600 0.075812 28.163533
156.800000 -0.009600 0.075812 28.163533
156.900000 -0.009600 0.075812 28.163533
157.000000 -0.009600 0.075812 28.163533
157.100000 -0.009600 0.075812 28.163533
157.200000 -0.009600 0.075812 28.163533
157.300000 -0.009600 0.075812 28.163533
157.400000 -0.009600 0.075812 28.163533
157.500000 -0.009600 0.075812 28.163533
157.600000 -0.009600 0.075812 28.163533
157.700000 -0.009600 0.075812 28.163533
157.800000 -0.009600 0.075812 28.163533
157.900000 -0.009600 0.075812 28.163533
158.000000 -0.009600 0.075812 28.163533
158.100000 -0.009600 0.075812 28.163533
158.200000 -0.009600 0.075812 28.163533
158.300000 -0.009600 0.075812 28.163533
158.400000 -0.009600 0.075812 28.163533
158.500000 -0.009600 0.075812 28.163533
158.600000 -0.009600 0.075812 28.163533
158.700000 -0.009600 0.075812 28.163533
158.800000 -0.009600 0.075812 28.163533
158.900000 -0.009600 0.075812 28.163533
159.000000 -0.009600 0.075812 28.163533
159.100000 -0.009600 0.075812 28.163533
159.200000 -0.009600 0.075812 28.163533
159.300000 -0.009600 0.075812 28.163533
159.400000 -0.009600 0.075812 28.163533
159.500000 -0.009600 0.075812 28.163533
159.600000 -0.009600 0.075812 28.163533
159.700000 -0.009600 0.075812 28.163533
159.800000 -0.009600 0.075812 28.163533
159.900000 -0.009600 0.075812 28.163533
160.000000 -0.009600 0.075812 28.163533
160.100000 -0.009600 0.075812 28.163533
160.200000 -0.009600 0.075812 28.163533
160.300000 -0.009600 0.075812 28.163533
160.400000 -0.009600 0.075812 28.163533
160.500000 -0.009600 0.075812 28.163533
160.600000 -0.009600 0.075812 28.163533
160.700000 -0.009600 0.075812 28.163533
160.800000 -0.009600 0.075812 28.163533
160.900000 -0.009600 0.075812 28.163533
161.000000 -0.009600 0.075812 28.163533
161.100000 -0.009600 0.075812 28.163533
161.200000 -0.009600 0.075812 28.163533
161.300000 -0.009600 0.075812 28.163533
161.400000 -0.009600 0.075812 28.163533
161.500000 -0.009600 0.075812 28.163533
161.600000 -0.009600 0.075812 28.163533
161.700000 -0.009600 0.075812 28.163533
161.800000 -0.009600 0.075812 28.005272
161.900000 -0.009600 0.075812 27.844620
162.000000 -0.009600 0.075812 27.686420
162.100000 -0.009600 0.075812 27.527967
162.200000 -0.009600 0.075812 27.371730
162.300000 -0.009600 0.075812 27.215411
162.400000 -0.009600 0.075812 27.060602
162.500000 -0.009600 0.075812 26.905157
162.600000 -0.009600 0.075812 26.751058
162.700000 -0.009600 0.075812 26.596682
162.800000 -0.009600 0.075812 26.444040
162.900000 -0.009600 0.075812 26.293441
163.000000 -0.009600 0.075812 26.142105
163.100000 -0.009600 0.075812 25.992331
163.200000 -0.009600 0.075812 25.840781
163.300000 -0.009600 0.075812 25.692332
163.400000 -0.009600 0.075812 25.542370
163.500000 -0.009600 0.075812 25.394861
163.600000 -0.009600 0.075812 25.245150
163.700000 -0.009600 0.075812 25.097812
163.800000 -0.009600 0.075812 24.947782
163.900000 -0.009600 0.075812 24.799579
164.000000 -0.009600 0.075812 24.649065
164.100000 -0.009600 0.075812 24.501211
164.200000 -0.009600 0.075812 24.351696
164.300000 -0.009600 0.075812 24.204828
164.400000 -0.009600 0.075812 24.055648
164.500000 -0.009600 0.075812 23.908909
164.600000 -0.009600 0.075812 23.759472
164.700000 -0.009600 0.075812 23.611842
164.800000 -0.009600 0.075812 23.461334
164.900000 -0.009600 0.075812 23.312905
165.000000 -0.009600 0.075812 23.161643
165.100000 -0.009600 0.075812 23.012793
165.200000 -0.009600 0.075812 22.861846
165.300000 -0.009600 0.075812 22.713616
165.400000 -0.009600 0.075812 22.563033
165.500000 -0.009600 0.075812 22.414659
165.600000 -0.009600 0.075812 22.264258
165.700000 -0.009600 0.075812 22.116472
165.800000 -0.009600 0.075812 21.966952
165.900000 -0.009600 0.075812 21.822318
166.000000 -0.009600 0.075812 21.674703
166.100000 -0.009600 0.075812 21.530291
166.200000 -0.009600 0.075812 21.380996
166.300000 -0.009600 0.075812 21.236688
166.400000 -0.009600 0.075812 21.087230
166.500000 -0.009600 0.075812 20.942933
166.600000 -0.009600 0.075812 20.792997
166.700000 -0.009600 0.075812 20.647387
166.800000 -0.009600 0.075812 20.496334
166.900000 -0.009600 0.075812 20.349797
167.000000 -0.009600 0.075812 20.198275
167.100000 -0.009600 0.075812 20.051934
167.200000 -0.009600 0.075812 19.900417
167.300000 -0.009600 0.075812 19.753749
167.400000 -0.009600 0.075812 19.602086
167.500000 -0.009600 0.075812 19.455119
167.600000 -0.009600 0.075812 19.302531
167.700000 -0.009600 0.075812 19.154753
167.800000 -0.009600 0.075812 19.002415
167.900000 -0.009600 0.075812 18.855364
168.000000 -0.009600 0.075812 18.703053
168.100000 -0.009600 0.075812 18.556058
168.200000 -0.009600 0.075812 18.404337
168.300000 -0.009600 0.075812 18.258303
168.400000 -0.009600 0.075812 18.107643
168.500000 -0.009600 0.075812 17.961658
168.600000 -0.009600 0.075812 17.810427
168.700000 -0.009600 0.075812 17.663791
168.800000 -0.009600 0.075812 17.534417
168.900000 -0.009600 0.075812 17.393477
169.000000 -0.009600 0.075812 17.247004
169.100000 -0.009600 0.075812 17.099042
169.200000 -0.009600 0.075812 16.954506
169.300000 -0.009600 0.075812 16.799615
169.400000 -0.009600 0.075812 16.654604
169.500000 -0.009600 0.075812 16.498249
169.600000 -0.009600 0.075812 16.351889
169.700000 -0.009600 0.075812 16.195048
169.800000 -0.009600 0.075812 16.048784
169.900000 -0.009600 0.075812 15.892765
170.000000 -0.009600 0.075812 15.747718
170.100000 -0.009600 0.075812 15.593041
170.200000 -0.009600 0.075812 15.449280
170.300000 -0.009600 0.075812 15.295346
170.400000 -0.009600 0.075812 15.151452
170.500000 -0.009600 0.075812 14.997246
170.600000 -0.009600 0.075812 14.887996
170.700000 -0.009600 0.075812 14.741931
170.800000 -0.009600 0.075812 14.589774
170.900000 -0.009600 0.075812 14.443776
171.000000 -0.009600 0.075812 14.291588
171.100000 -0.009600 0.075812 14.145732
171.200000 -0.009600 0.075812 13.994004
171.300000 -0.009600 0.075812 13.849167
171.400000 -0.009600 0.075812 13.698378
171.500000 -0.009600 0.075812 13.554067
171.600000 -0.009600 0.075812 13.403774
171.700000 -0.009600 0.075812 13.259278
171.800000 -0.009600 0.075812 13.108350
171.900000 -0.009600 0.075812 12.963281
172.000000 -0.009600 0.075812 12.811642
172.100000 -0.009600 0.075812 12.666329
172.200000 -0.009600 0.075812 12.514994
172.300000 -0.009600 0.075812 12.370495
172.400000 -0.009600 0.075812 12.220184
172.500000 -0.009600 0.075812 12.076258
172.600000 -0.009600 0.075812 11.926410
172.700000 -0.009600 0.075812 11.782869
172.800000 -0.009600 0.075812 11.632903
172.900000 -0.009600 0.075812 11.488699
173.000000 -0.009600 0.075812 11.339759
173.100000 -0.009600 0.075812 11.193814
173.200000 -0.009600 0.075812 11.042346
173.300000 -0.009600 0.075812 10.895528
173.400000 -0.009600 0.075812 10.742993
173.500000 -0.009600 0.075812 10.595476
173.600000 -0.009600 0.075812 10.443274
173.700000 -0.009600 0.075812 10.296094
173.800000 -0.009600 0.075812 10.143631
173.900000 -0.009600 0.075812 9.995737
174.000000 -0.009600 0.075812 9.843193
174.100000 -0.009600 0.075812 9.695990
174.200000 -0.009600 0.075812 9.543987
174.300000 -0.009600 0.075812 9.397189
174.400000 -0.009600 0.075812 9.245908
174.500000 -0.009600 0.075812 9.099887
174.600000 -0.009600 0.075812 8.949569
174.700000 -0.009600 0.075812 8.804245
174.800000 -0.009600 0.075812 8.653597
174.900000 -0.009600 0.075812 8.507409
175.000000 -0.009600 0.075812 8.356259
175.100000 -0.009600 0.075812 8.211017
175.200000 -0.009600 0.075812 8.061450
175.300000 -0.009600 0.075812 7.916696
175.400000 -0.009600 0.075812 7.766540
175.500000 -0.009600 0.075812 7.620853
175.600000 -0.009600 0.075812 7.469522
175.700000 -0.009600 0.075812 7.322804
175.800000 -0.009600 0.075812 7.170931
175.900000 -0.009600 0.075812 7.023934
176.000000 -0.009600 0.075812 6.872019
176.100000 -0.009600 0.075812 6.725238
176.200000 -0.009600 0.075812 6.573586
176.300000 -0.009600 0.075812 6.427482
176.400000 -0.009600 0.075812 6.276594
176.500000 -0.009600 0.075812 6.130526
176.600000 -0.009600 0.075812 5.979470
176.700000 -0.009600 0.075812 5.833062
176.800000 -0.009600 0.075812 5.681352
176.900000 -0.009600 0.075812 5.534806
177.000000 -0.009600 0.075812 5.386016
177.100000 -0.009600 0.075812 5.238091
177.200000 -0.009600 0.075812 5.086041
177.300000 -0.009600 0.075812 4.936271
177.400000 -0.009600 0.075812 4.783069
177.500000 -0.009600 0.075812 4.632751
177.600000 -0.009600 0.075812 4.479294
177.700000 -0.009600 0.075812 4.328649
177.800000 -0.009600 0.075812 4.174899
177.900000 -0.009600 0.075812 4.024990
178.000000 -0.009600 0.075812 3.872964
178.100000 -0.009600 0.075812 3.724632
178.200000 -0.009600 0.075812 3.573512
178.300000 -0.009600 0.075812 3.425864
178.400000 -0.009600 0.075812 3.275463
178.500000 -0.009600 0.075812 3.128953
178.600000 -0.009600 0.075812 2.979550
178.700000 -0.009600 0.075812 2.833463
178.800000 -0.009600 0.075812 2.684301
178.900000 -0.009600 0.075812 2.538197
179.000000 -0.009600 0.075812 2.388423
179.100000 -0.009600 0.075812 2.241261
179.200000 -0.009600 0.075812 2.091197
179.300000 -0.009600 0.075812 1.944190
179.400000 -0.009600 0.075812 1.793256
179.500000 -0.009600 0.075812 1.644853
179.600000 -0.009600 0.075812 1.493889
179.700000 -0.009600 0.075812 1.352310
179.800000 -0.009600 0.075812 1.220328
179.900000 -0.009600 0.075812 1.105253
180.000000 -0.009600 0.075812 1.002941
