time_sec x_east_m y_north_m z_up_m
0.000 0.000000 0.000000 0.000000
0.100 0.011016 0.013235 0.165416
0.200 0.021838 0.026539 0.370362
0.300 0.030457 0.036314 0.583007
0.400 0.037766 0.042866 0.835066
0.500 0.042239 0.045119 1.079416
0.600 0.044557 0.043207 1.350724
0.700 0.045279 0.037745 1.604330
0.800 0.044998 0.029172 1.880852
0.900 0.044899 0.019721 2.137201
1.000 0.045521 0.008166 2.415910
1.100 0.046711 -0.003478 2.673245
1.200 0.048052 -0.017379 2.952768
1.300 0.049282 -0.030590 3.211297
1.400 0.050625 -0.044871 3.492247
1.500 0.051598 -0.057998 3.752702
1.600 0.052614 -0.071539 4.035912
1.700 0.053427 -0.083352 4.299196
1.800 0.054178 -0.095059 4.585575
1.900 0.054224 -0.104526 4.851227
2.000 0.052498 -0.113768 5.140282
2.100 0.048924 -0.121018 5.407997
2.200 0.043009 -0.127367 5.698454
2.300 0.036051 -0.131726 5.966655
2.400 0.027379 -0.134541 6.257190
2.500 0.018410 -0.135665 6.525543
2.600 0.008450 -0.135799 6.816998
2.700 -0.000660 -0.135369 7.087006
2.800 -0.010070 -0.134216 7.380849
2.900 -0.018032 -0.132682 7.649105
3.000 -0.026270 -0.130162 7.933162
3.100 -0.034631 -0.126204 8.212199
3.200 -0.043732 -0.120286 8.504636
3.300 -0.052769 -0.113303 8.784622
3.400 -0.061783 -0.105658 9.077270
3.500 -0.069157 -0.098427 9.357298
3.600 -0.076064 -0.091180 9.650190
3.700 -0.082181 -0.085246 9.930577
3.800 -0.088079 -0.080576 10.224291
3.900 -0.093236 -0.076951 10.505561
4.000 -0.097965 -0.073536 10.799839
4.100 -0.102006 -0.070682 11.081301
4.200 -0.105521 -0.067959 11.375905
4.300 -0.108402 -0.065814 11.658550
4.400 -0.110340 -0.063531 11.955148
4.500 -0.111293 -0.060288 12.239909
4.600 -0.111455 -0.054947 12.538697
4.700 -0.110971 -0.048001 12.825115
4.800 -0.110327 -0.038509 13.125320
4.900 -0.109069 -0.027748 13.412546
5.000 -0.106644 -0.015989 13.712819
5.100 -0.103666 -0.004876 13.999870
5.200 -0.100039 0.006065 14.300112
5.300 -0.096094 0.015974 14.587136
5.400 -0.091472 0.025537 14.887276
5.500 -0.086667 0.033635 15.174950
5.600 -0.081105 0.040987 15.476122
5.700 -0.075191 0.046531 15.764474
5.800 -0.068808 0.050900 16.066129
5.900 -0.062708 0.054497 16.354910
6.000 -0.056346 0.057589 16.657459
6.100 -0.050060 0.059600 16.946767
6.200 -0.043041 0.060076 17.248463
6.300 -0.036312 0.059234 17.536661
6.400 -0.030196 0.057541 17.837540
6.500 -0.025338 0.055606 18.125584
6.600 -0.021179 0.052974 18.426975
6.700 -0.017798 0.050174 18.715928
6.800 -0.015039 0.047255 19.010175
6.900 -0.013057 0.044701 19.302533
7.000 -0.011766 0.042736 19.602040
7.100 -0.010855 0.040898 19.891706
7.200 -0.009711 0.038405 20.185613
7.300 -0.008973 0.035548 20.476959
7.400 -0.008838 0.032831 20.760600
7.500 -0.008753 0.029972 21.046252
7.600 -0.008522 0.027595 21.297251
7.700 -0.008321 0.026253 21.446832
7.800 -0.008124 0.023386 21.748849
7.900 -0.008527 0.020804 22.037697
8.000 -0.009366 0.018257 22.343723
8.100 -0.010461 0.016166 22.635531
8.200 -0.012123 0.014079 22.942172
8.300 -0.014287 0.012261 23.235404
8.400 -0.017208 0.010606 23.542541
8.500 -0.020187 0.009804 23.830914
8.600 -0.023751 0.010338 24.143077
8.700 -0.027105 0.011815 24.435756
8.800 -0.030179 0.013698 24.742319
8.900 -0.032624 0.015975 25.034771
9.000 -0.034567 0.017738 25.340786
9.100 -0.035618 0.018533 25.632655
9.200 -0.036117 0.018897 25.938013
9.300 -0.036314 0.019350 26.229526
9.400 -0.036237 0.020127 26.534282
9.500 -0.036139 0.020809 26.824119
9.600 -0.036173 0.020147 27.114404
9.700 -0.036278 0.017872 27.365083
9.800 -0.036392 0.014564 27.599950
9.900 -0.036422 0.011547 27.798008
10.000 -0.036534 0.008977 27.976449
10.100 -0.036691 0.006653 28.123965
10.200 -0.036986 0.004546 28.259589
10.300 -0.039707 0.003105 28.386651
10.400 -0.056513 -0.000893 28.512411
10.500 -0.098770 -0.012814 28.620430
10.600 -0.175379 -0.038358 28.710978
10.700 -0.286252 -0.080681 28.782108
10.800 -0.433755 -0.143812 28.839166
10.900 -0.607464 -0.226673 28.885398
11.000 -0.808080 -0.333596 28.926013
11.100 -1.023420 -0.457003 28.962305
11.200 -1.257003 -0.595710 28.997808
11.300 -1.497880 -0.737609 29.031352
11.400 -1.753470 -0.880899 29.063944
11.500 -2.012419 -1.014491 29.094128
11.600 -2.274071 -1.137165 29.122057
11.700 -2.543606 -1.251535 29.148298
11.800 -2.819192 -1.357971 29.172712
11.900 -3.102809 -1.458917 29.195903
12.000 -3.376626 -1.550415 29.216864
12.100 -3.660412 -1.640351 29.237692
12.200 -3.936889 -1.724348 29.256948
12.300 -4.229882 -1.810774 29.275732
12.400 -4.506056 -1.890350 29.292437
12.500 -4.798101 -1.973454 29.309004
12.600 -5.068347 -2.050526 29.323218
12.700 -5.360844 -2.133999 29.336811
12.800 -5.633041 -2.211575 29.347570
12.900 -5.895590 -2.286562 29.356639
13.000 -6.174989 -2.366027 29.366171
13.100 -6.459682 -2.446332 29.375406
13.200 -6.741971 -2.525802 29.383575
13.300 -7.026343 -2.605988 29.390667
13.400 -7.309103 -2.685588 29.396813
13.500 -7.593644 -2.765694 29.402249
13.600 -7.876302 -2.844738 29.406948
13.700 -8.147981 -2.920623 29.411811
13.800 -8.413382 -2.994814 29.416566
13.900 -8.678066 -3.069062 29.421504
14.000 -8.960014 -3.148825 29.427070
14.100 -9.246623 -3.230385 29.432581
14.200 -9.536745 -3.313493 29.438008
14.300 -9.826257 -3.396467 29.443027
14.400 -10.118608 -3.480537 29.447237
14.500 -10.409323 -3.564230 29.450319
14.600 -10.702505 -3.648442 29.452514
14.700 -10.994599 -3.732116 29.454074
14.800 -11.289067 -3.816452 29.455508
14.900 -11.582247 -3.899662 29.456880
15.000 -11.878584 -3.982180 29.458314
15.100 -12.173586 -4.063013 29.459656
15.200 -12.472182 -4.144017 29.460823
15.300 -12.768033 -4.223684 29.462414
15.400 -13.050751 -4.299421 29.464524
15.500 -13.346278 -4.378334 29.466943
15.600 -13.631105 -4.454459 29.469400
15.700 -13.937436 -4.536826 29.472142
15.800 -14.221396 -4.613827 29.474620
15.900 -14.524785 -4.696572 29.476803
16.000 -14.806660 -4.773930 29.477815
16.100 -15.106404 -4.856614 29.478418
16.200 -15.384509 -4.933379 29.478940
16.300 -15.687682 -5.016763 29.479872
16.400 -15.970164 -5.094062 29.481087
16.500 -16.274945 -5.177556 29.482675
16.600 -16.558772 -5.255178 29.484232
16.700 -16.861126 -5.338054 29.486310
16.800 -17.144334 -5.416176 29.488572
16.900 -17.444957 -5.500038 29.491027
17.000 -17.733707 -5.581278 29.492854
17.100 -18.036277 -5.666636 29.493668
17.200 -18.325366 -5.747827 29.493976
17.300 -18.628321 -5.832434 29.494317
17.400 -18.916920 -5.912383 29.495182
17.500 -19.219069 -5.995482 29.496306
17.600 -19.506904 -6.074428 29.497132
17.700 -19.808091 -6.156772 29.498063
17.800 -20.092029 -6.234055 29.498783
17.900 -20.386579 -6.314294 29.500085
18.000 -20.667803 -6.391545 29.501543
18.100 -20.960077 -6.472626 29.503412
18.200 -21.248588 -6.553768 29.505585
18.300 -21.533218 -6.634733 29.507359
18.400 -21.818797 -6.716449 29.508727
18.500 -22.104550 -6.798161 29.510021
18.600 -22.385771 -6.878703 29.510721
18.700 -22.649961 -6.954370 29.510449
18.800 -22.938899 -7.036983 29.509349
18.900 -23.228870 -7.119397 29.507835
19.000 -23.524007 -7.203136 29.505989
19.100 -23.814257 -7.285469 29.504029
19.200 -24.109516 -7.368484 29.501548
19.300 -24.400271 -7.449610 29.499266
19.400 -24.665266 -7.523408 29.497698
19.500 -24.947041 -7.602165 29.496770
19.600 -25.220140 -7.679038 29.496300
19.700 -25.512668 -7.762265 29.496298
19.800 -25.800791 -7.845330 29.497095
19.900 -26.084765 -7.927876 29.498727
20.000 -26.375081 -8.013032 29.500830
20.100 -26.663237 -8.098059 29.502622
20.200 -26.951916 -8.183763 29.503866
20.300 -27.238875 -8.269393 29.505260
20.400 -27.526693 -8.356010 29.506905
20.500 -27.813265 -8.442596 29.508032
20.600 -28.100567 -8.529821 29.508238
20.700 -28.386726 -8.617306 29.507167
20.800 -28.674005 -8.705696 29.505080
20.900 -28.960359 -8.793438 29.503031
21.000 -29.248237 -8.880694 29.501033
21.100 -29.535210 -8.966951 29.498960
21.200 -29.822945 -9.053026 29.497440
21.300 -30.110462 -9.138902 29.496756
21.400 -30.399334 -9.225516 29.496830
21.500 -30.688014 -9.312382 29.496930
21.600 -30.978425 -9.399612 29.496898
21.700 -31.268235 -9.486376 29.496512
21.800 -31.559119 -9.573497 29.496058
21.900 -31.848618 -9.659476 29.495357
22.000 -32.138413 -9.744712 29.494685
22.100 -32.426484 -9.829129 29.493619
22.200 -32.715159 -9.914258 29.492266
22.300 -33.002470 -9.999616 29.490510
22.400 -33.290598 -10.086160 29.488481
22.500 -33.577829 -10.172826 29.486557
22.600 -33.863462 -10.259400 29.485070
22.700 -34.149470 -10.346250 29.484144
22.800 -34.439007 -10.434359 29.483987
22.900 -34.724078 -10.521007 29.484180
23.000 -35.012656 -10.608904 29.484413
23.100 -35.297010 -10.695859 29.484422
23.200 -35.585299 -10.784120 29.484633
23.300 -35.870280 -10.871487 29.484903
23.400 -36.159764 -10.960117 29.485285
23.500 -36.446340 -11.047189 29.485906
23.600 -36.738001 -11.135250 29.486751
23.700 -37.026476 -11.222058 29.487547
23.800 -37.319171 -11.309663 29.487942
23.900 -37.607514 -11.395087 29.488305
24.000 -37.899183 -11.480722 29.488652
24.100 -38.186807 -11.564932 29.488647
24.200 -38.477877 -11.650099 29.488759
24.300 -38.764774 -11.734402 29.488917
24.400 -39.054965 -11.819904 29.488905
24.500 -39.340701 -11.903940 29.488671
24.600 -39.630545 -11.988468 29.488694
24.700 -39.917224 -12.071308 29.488533
24.800 -40.208105 -12.154682 29.488207
24.900 -40.495356 -12.236597 29.487715
25.000 -40.786448 -12.319588 29.487561
25.100 -41.039078 -12.391381 29.487819
25.200 -41.328310 -12.473357 29.488611
25.300 -41.610101 -12.553081 29.489683
25.400 -41.903316 -12.635786 29.490420
25.500 -42.183596 -12.714868 29.490722
25.600 -42.475741 -12.797222 29.490418
25.700 -42.755373 -12.876314 29.489696
25.800 -43.047091 -12.958939 29.488189
25.900 -43.326085 -13.038033 29.486637
26.000 -43.616988 -13.120720 29.485310
26.100 -43.895160 -13.200108 29.484292
26.200 -44.185305 -13.283052 29.483482
26.300 -44.463344 -13.362424 29.483015
26.400 -44.753594 -13.445330 29.482409
26.500 -45.031681 -13.525497 29.482132
26.600 -45.322177 -13.610086 29.482788
26.700 -45.601160 -13.692498 29.483999
26.800 -45.892657 -13.779156 29.485037
26.900 -46.172253 -13.862466 29.485845
27.000 -46.465052 -13.949667 29.487176
27.100 -46.746309 -14.033397 29.488966
27.200 -47.040802 -14.121366 29.491474
27.300 -47.320273 -14.205078 29.493792
27.400 -47.613396 -14.292877 29.495938
27.500 -47.896391 -14.377296 29.498179
27.600 -48.188597 -14.463631 29.500373
27.700 -48.471124 -14.546146 29.501836
27.800 -48.762802 -14.630536 29.502565
27.900 -49.044677 -14.711017 29.502739
28.000 -49.336234 -14.792529 29.502493
28.100 -49.618361 -14.870106 29.501918
28.200 -49.909881 -14.949925 29.501539
28.300 -50.192407 -15.027503 29.500870
28.400 -50.484179 -15.108432 29.499974
28.500 -50.766000 -15.188037 29.499496
28.600 -51.057802 -15.271583 29.499392
28.700 -51.340692 -15.352835 29.499400
28.800 -51.632895 -15.436811 29.498790
28.900 -51.917973 -15.518734 29.497430
29.000 -52.211918 -15.603415 29.496041
29.100 -52.495898 -15.685728 29.495262
29.200 -52.789307 -15.770991 29.494689
29.300 -53.072866 -15.853726 29.493945
29.400 -53.365893 -15.939587 29.492564
29.500 -53.648772 -16.023170 29.491489
29.600 -53.940766 -16.110022 29.490992
29.700 -54.224696 -16.194781 29.490672
29.800 -54.517012 -16.281810 29.489985
29.900 -54.799355 -16.365291 29.489349
30.000 -55.092661 -16.451240 29.488796
30.100 -55.374787 -16.532978 29.488411
30.200 -55.667372 -16.617411 29.488564
30.300 -55.949293 -16.698195 29.489027
30.400 -56.226877 -16.776944 29.489842
30.500 -56.460057 -16.843063 29.490624
30.600 -56.745439 -16.924408 29.490968
30.700 -57.032237 -17.006756 29.490239
30.800 -57.314631 -17.088201 29.489153
30.900 -57.595284 -17.168945 29.488358
31.000 -57.884348 -17.251957 29.487588
31.100 -58.168176 -17.333509 29.487252
31.200 -58.448765 -17.414056 29.487311
31.300 -58.701091 -17.486067 29.487679
31.400 -58.986108 -17.567458 29.488227
31.500 -59.268680 -17.649022 29.488977
31.600 -59.530754 -17.725694 29.489801
31.700 -59.811936 -17.808744 29.490633
31.800 -60.086554 -17.890752 29.491117
31.900 -60.383148 -17.979488 29.490882
32.000 -60.657109 -18.061059 29.490084
32.100 -60.950196 -18.147956 29.489391
32.200 -61.224140 -18.228995 29.489193
32.300 -61.519683 -18.315983 29.489756
32.400 -61.794515 -18.396307 29.490864
32.500 -62.091142 -18.482777 29.492801
32.600 -62.366003 -18.563379 29.494673
32.700 -62.662173 -18.650386 29.496117
32.800 -62.933606 -18.730943 29.496791
32.900 -63.222555 -18.817573 29.496916
33.000 -63.498426 -18.900774 29.496312
33.100 -63.789397 -18.988596 29.495952
33.200 -64.064230 -19.071651 29.496301
33.300 -64.355199 -19.159687 29.496758
33.400 -64.630939 -19.243117 29.496571
33.500 -64.923023 -19.331479 29.495701
33.600 -65.199641 -19.415024 29.494953
33.700 -65.492898 -19.503411 29.494370
33.800 -65.770742 -19.587557 29.494277
33.900 -66.065106 -19.676200 29.494783
34.000 -66.344191 -19.759418 29.496380
34.100 -66.639397 -19.846866 29.498277
34.200 -66.918540 -19.929171 29.500105
34.300 -67.213750 -20.015895 29.501845
34.400 -67.493053 -20.097375 29.503161
34.500 -67.788543 -20.183099 29.504437
34.600 -68.067813 -20.263966 29.505210
34.700 -68.363168 -20.350087 29.505360
34.800 -68.642030 -20.432044 29.504948
34.900 -68.936810 -20.519143 29.503697
35.000 -69.216262 -20.601505 29.502367
35.100 -69.512023 -20.688491 29.500871
35.200 -69.791991 -20.770794 29.499399
35.300 -70.087983 -20.857706 29.497909
35.400 -70.367172 -20.939524 29.496526
35.500 -70.662397 -21.024814 29.495345
35.600 -70.941628 -21.104074 29.494808
35.700 -71.236553 -21.186932 29.494363
35.800 -71.515360 -21.264811 29.494079
35.900 -71.809957 -21.346952 29.494291
36.000 -72.088502 -21.424405 29.494951
36.100 -72.383136 -21.506341 29.495879
36.200 -72.662478 -21.584027 29.497650
36.300 -72.958240 -21.666602 29.499914
36.400 -73.237360 -21.745097 29.501966
36.500 -73.531875 -21.827721 29.503311
36.600 -73.809953 -21.905340 29.503731
36.700 -74.103717 -21.986823 29.503893
36.800 -74.381758 -22.063615 29.503532
36.900 -74.675811 -22.144823 29.502753
37.000 -74.953923 -22.221964 29.501511
37.100 -75.248559 -22.303995 29.500004
37.200 -75.526187 -22.381416 29.504902
37.300 -75.817127 -22.457204 29.522222
37.400 -76.087692 -22.509975 29.539688
37.500 -76.367775 -22.534052 29.551371
37.600 -76.627042 -22.521448 29.553389
37.700 -76.895620 -22.470141 29.547798
37.800 -77.145433 -22.388656 29.538401
37.900 -77.406113 -22.273436 29.527210
38.000 -77.651010 -22.143231 29.516911
38.100 -77.909083 -21.988430 29.507236
38.200 -78.142726 -21.837816 29.499755
38.300 -78.368970 -21.686115 29.493598
38.400 -78.625194 -21.510490 29.488938
38.500 -78.863339 -21.345353 29.486803
38.600 -79.118444 -21.167351 29.486090
38.700 -79.363673 -20.995739 29.486193
38.800 -79.622295 -20.814445 29.487300
38.900 -79.866450 -20.643130 29.488883
39.000 -80.126436 -20.460794 29.490629
39.100 -80.368275 -20.291328 29.492320
39.200 -80.625466 -20.111108 29.493952
39.300 -80.866338 -19.942180 29.494949
39.400 -81.122234 -19.762574 29.495638
39.500 -81.361496 -19.593781 29.496234
39.600 -81.615038 -19.413342 29.496860
39.700 -81.852064 -19.243362 29.497276
39.800 -82.102941 -19.061676 29.497698
39.900 -82.337077 -18.890815 29.498122
40.000 -82.585045 -18.708974 29.498590
40.100 -82.817198 -18.537825 29.499024
40.200 -83.063698 -18.355131 29.499121
40.300 -83.294688 -18.183091 29.498820
40.400 -83.540047 -17.999231 29.498043
40.500 -83.769993 -17.826003 29.497299
40.600 -84.014590 -17.640806 29.496657
40.700 -84.244360 -17.466146 29.495781
40.800 -84.489150 -17.279722 29.494629
40.900 -84.719384 -17.104242 29.493412
41.000 -84.964294 -16.917139 29.491995
41.100 -85.193983 -16.740475 29.490894
41.200 -85.438036 -16.551280 29.490927
41.300 -85.667435 -16.371937 29.491470
41.400 -85.911838 -16.180352 29.492235
41.500 -86.139307 -16.001536 29.492528
41.600 -86.378930 -15.812498 29.492089
41.700 -86.608532 -15.630712 29.491144
41.800 -86.845654 -15.442426 29.489879
41.900 -87.081685 -15.255103 29.488601
42.000 -87.321489 -15.065616 29.487537
42.100 -87.557190 -14.879351 29.486849
42.200 -87.795550 -14.690390 29.486937
42.300 -88.023607 -14.509446 29.487380
42.400 -88.251725 -14.328904 29.487612
42.500 -88.490874 -14.140389 29.487724
42.600 -88.723673 -13.957737 29.487627
42.700 -88.957666 -13.774162 29.487333
42.800 -89.189652 -13.591107 29.486484
42.900 -89.429454 -13.400551 29.484919
43.000 -89.655049 -13.220401 29.483313
43.100 -89.896429 -13.027238 29.482112
43.200 -90.125224 -12.844787 29.481612
43.300 -90.368139 -12.652417 29.481062
43.400 -90.599243 -12.470590 29.480748
43.500 -90.844223 -12.279299 29.480224
43.600 -91.075146 -12.099938 29.479517
43.700 -91.323295 -11.907776 29.478453
43.800 -91.556948 -11.726640 29.477731
43.900 -91.805783 -11.533253 29.477855
44.000 -92.039509 -11.351004 29.478009
44.100 -92.288347 -11.156904 29.478020
44.200 -92.521812 -10.974559 29.478012
44.300 -92.770646 -10.779857 29.477539
44.400 -93.003835 -10.597052 29.476567
44.500 -93.248761 -10.405346 29.475491
44.600 -93.480627 -10.224796 29.474295
44.700 -93.731335 -10.030609 29.472875
44.800 -93.963869 -9.851788 29.471571
44.900 -94.215233 -9.659756 29.469928
45.000 -94.448417 -9.482761 29.467943
45.100 -94.700212 -9.292463 29.465527
45.200 -94.933518 -9.116947 29.463636
45.300 -95.185430 -8.927728 29.462022
45.400 -95.418370 -8.753064 29.461407
45.500 -95.670083 -8.563706 29.461389
45.600 -95.901692 -8.388921 29.461788
45.700 -96.154188 -8.198239 29.462444
45.800 -96.386537 -8.022922 29.463832
45.900 -96.636559 -7.834104 29.465213
46.000 -96.867234 -7.660018 29.466152
46.100 -97.116730 -7.471978 29.466914
46.200 -97.346608 -7.298152 29.467790
46.300 -97.594829 -7.109773 29.469005
46.400 -97.823589 -6.936174 29.469991
46.500 -98.072310 -6.748220 29.470996
46.600 -98.302087 -6.575306 29.471422
46.700 -98.548928 -6.389758 29.471697
46.800 -98.781117 -6.214986 29.472055
46.900 -99.027630 -6.028585 29.472146
47.000 -99.256354 -5.855493 29.471716
47.100 -99.504542 -5.668198 29.471394
47.200 -99.737658 -5.493355 29.471220
47.300 -99.986046 -5.308100 29.471007
47.400 -100.218626 -5.134600 29.470164
47.500 -100.465715 -4.949946 29.469223
47.600 -100.697174 -4.776918 29.468665
47.700 -100.944054 -4.592523 29.469049
47.800 -101.176583 -4.419254 29.470011
47.900 -101.423914 -4.235401 29.471849
48.000 -101.658323 -4.061184 29.474026
48.100 -101.906938 -3.876047 29.476062
48.200 -102.140273 -3.702124 29.477081
48.300 -102.388717 -3.517461 29.477505
48.400 -102.621574 -3.344627 29.477725
48.500 -102.870363 -3.159724 29.477856
48.600 -103.100574 -2.987956 29.477672
48.700 -103.347453 -2.803453 29.477641
48.800 -103.584184 -2.627065 29.477667
48.900 -103.831947 -2.442675 29.477706
49.000 -104.068131 -2.266798 29.477396
49.100 -104.311853 -2.085464 29.476757
49.200 -104.545978 -1.911473 29.475889
49.300 -104.782047 -1.736114 29.475059
49.400 -105.023883 -1.555884 29.473760
49.500 -105.265401 -1.375319 29.471930
49.600 -105.497501 -1.201478 29.470079
49.700 -105.720971 -1.034222 29.468988
49.800 -105.972151 -0.846588 29.468763
49.900 -106.202571 -0.675094 29.469080
50.000 -106.454176 -0.488743 29.469552
50.100 -106.688277 -0.316583 29.469924
50.200 -106.941067 -0.132034 29.470247
50.300 -107.175913 0.038606 29.470432
50.400 -107.429306 0.221904 29.470384
50.500 -107.664345 0.392312 29.470095
50.600 -107.917496 0.576545 29.469537
50.700 -108.147083 0.743821 29.469418
50.800 -108.394954 0.923949 29.469746
50.900 -108.631707 1.094927 29.470422
51.000 -108.880821 1.273512 29.471190
51.100 -109.118061 1.442663 29.472093
51.200 -109.362393 1.615761 29.473389
51.300 -109.604265 1.786299 29.474718
51.400 -109.850333 1.959355 29.475570
51.500 -110.092140 2.129196 29.475728
51.600 -110.337989 2.301783 29.475516
51.700 -110.580001 2.472014 29.475108
51.800 -110.825577 2.645690 29.473980
51.900 -111.067223 2.817273 29.472474
52.000 -111.312951 2.992640 29.471424
52.100 -111.554451 3.165516 29.470664
52.200 -111.799747 3.342157 29.470406
52.300 -112.040901 3.516977 29.470805
52.400 -112.285387 3.695202 29.471369
52.500 -112.525107 3.870865 29.472044
52.600 -112.768553 4.050301 29.473251
52.700 -113.007002 4.226897 29.474729
52.800 -113.248784 4.406022 29.476360
52.900 -113.487207 4.582117 29.477749
53.000 -113.729394 4.760275 29.478905
53.100 -113.967603 4.935095 29.479732
53.200 -114.210149 5.112605 29.480074
53.300 -114.449101 5.287136 29.480392
53.400 -114.692802 5.464647 29.480446
53.500 -114.932106 5.638755 29.479585
53.600 -115.123000 5.777048 29.478572
53.700 -115.357532 5.946164 29.477501
53.800 -115.601256 6.120951 29.476376
53.900 -115.842147 6.292266 29.474940
54.000 -116.087109 6.465510 29.473104
54.100 -116.328472 6.635420 29.471407
54.200 -116.573926 6.807297 29.470351
54.300 -116.816275 6.976305 29.469631
54.400 -117.062328 7.147901 29.469194
54.500 -117.304784 7.316740 29.469212
54.600 -117.550683 7.488482 29.469910
54.700 -117.792987 7.658453 29.471033
54.800 -118.039044 7.831935 29.472585
54.900 -118.281317 8.004176 29.474418
55.000 -118.527161 8.180270 29.476857
55.100 -118.769268 8.354804 29.479316
55.200 -119.014943 8.532845 29.481486
55.300 -119.256775 8.708594 29.483032
55.400 -119.501864 8.887177 29.484182
55.500 -119.742525 9.063022 29.484621
55.600 -119.986517 9.241684 29.484005
55.700 -120.226506 9.417860 29.483146
55.800 -120.469917 9.596733 29.482276
55.900 -120.708885 9.771794 29.481564
56.000 -120.950961 9.948626 29.481084
56.100 -121.189071 10.121793 29.480775
56.200 -121.431893 10.297603 29.480694
56.300 -121.671794 10.470169 29.481029
56.400 -121.916696 10.644822 29.481922
56.500 -122.159803 10.816418 29.483529
56.600 -122.408360 10.990352 29.485486
56.700 -122.653817 11.160600 29.487439
56.800 -122.904186 11.333625 29.489469
56.900 -123.150001 11.503206 29.490926
57.000 -123.399508 11.675403 29.491528
57.100 -123.644758 11.844283 29.491144
57.200 -123.893233 12.015414 29.490282
57.300 -124.137618 12.184067 29.489494
57.400 -124.385274 12.355639 29.489126
57.500 -124.629251 12.525611 29.488392
57.600 -124.876768 12.699344 29.486985
57.700 -125.119777 12.870888 29.485054
57.800 -125.366957 13.045550 29.483390
57.900 -125.610104 13.217596 29.481960
58.000 -125.856681 13.392732 29.480984
58.100 -126.098816 13.564944 29.481338
58.200 -126.343189 13.738462 29.485270
58.300 -126.582039 13.905067 29.502577
58.400 -126.825436 14.056946 29.524802
58.500 -127.067882 14.174171 29.540985
58.600 -127.318467 14.252973 29.547283
58.700 -127.570342 14.289289 29.544553
58.800 -127.831595 14.287265 29.535725
58.900 -128.094195 14.252116 29.524551
59.000 -128.366603 14.190211 29.513324
59.100 -128.639601 14.109638 29.504220
59.200 -128.920124 14.014452 29.497249
59.300 -129.198725 13.912553 29.492928
59.400 -129.482906 13.804581 29.490582
59.500 -129.762856 13.696017 29.489551
59.600 -130.046934 13.585351 29.489559
59.700 -130.326007 13.476832 29.490250
59.800 -130.608029 13.367720 29.491259
59.900 -130.884784 13.261329 29.492201
60.000 -131.165302 13.153755 29.492956
60.100 -131.440906 13.048103 29.493574
60.200 -131.721106 12.941084 29.494188
60.300 -131.996795 12.836468 29.494191
60.400 -132.276335 12.730645 29.493530
60.500 -132.551364 12.626413 29.492472
60.600 -132.830696 12.520158 29.490807
60.700 -133.105623 12.415537 29.488814
60.800 -133.385144 12.308808 29.486928
60.900 -133.660720 12.203798 29.485464
61.000 -133.941581 12.096836 29.484432
61.100 -134.218310 11.990743 29.483441
61.200 -134.499037 11.882712 29.482190
61.300 -134.775548 11.775999 29.481070
61.400 -135.056061 11.667412 29.480593
61.500 -135.332160 11.560027 29.480887
61.600 -135.611508 11.450424 29.481690
61.700 -135.886514 11.341172 29.482640
61.800 -136.165483 11.228847 29.483108
61.900 -136.440150 11.117293 29.483720
62.000 -136.719978 11.003028 29.484584
62.100 -136.996311 10.889232 29.485618
62.200 -137.278141 10.772648 29.486611
62.300 -137.556514 10.657444 29.487291
62.400 -137.839490 10.540226 29.487606
62.500 -138.118149 10.424456 29.488119
62.600 -138.400847 10.306288 29.488764
62.700 -138.678494 10.189537 29.489352
62.800 -138.960157 10.070748 29.490309
62.900 -139.237330 9.953403 29.491369
63.000 -139.518244 9.833558 29.492504
63.100 -139.793644 9.715126 29.493923
63.200 -140.071903 9.594516 29.495983
63.300 -140.344842 9.475461 29.497723
63.400 -140.621649 9.354433 29.498603
63.500 -140.894269 9.235213 29.498750
63.600 -141.171213 9.114369 29.498857
63.700 -141.443838 8.995790 29.498877
63.800 -141.721334 8.875299 29.498670
63.900 -141.995058 8.756626 29.498128
64.000 -142.273767 8.636505 29.497624
64.100 -142.549075 8.518506 29.496657
64.200 -142.828754 8.399086 29.495449
64.300 -143.104392 8.281638 29.494248
64.400 -143.384447 8.162630 29.492890
64.500 -143.660642 8.045151 29.491058
64.600 -143.940980 7.925324 29.488970
64.700 -144.217314 7.806448 29.487997
64.800 -144.494576 7.686260 29.487910
64.900 -144.769287 7.567139 29.488425
65.000 -145.050482 7.445066 29.489242
65.100 -145.324482 7.326128 29.490248
65.200 -145.604867 7.205054 29.491485
65.300 -145.878198 7.087885 29.492493
65.400 -146.158136 6.968865 29.492852
65.500 -146.431727 6.853519 29.492981
65.600 -146.711940 6.735858 29.493708
65.700 -146.985818 6.620380 29.494894
65.800 -147.263728 6.502037 29.496306
65.900 -147.535657 6.385497 29.497680
66.000 -147.816578 6.264671 29.498936
66.100 -148.088314 6.147675 29.499756
66.200 -148.369411 6.026657 29.500200
66.300 -148.641731 5.909502 29.500418
66.400 -148.923847 5.787841 29.500967
66.500 -149.197346 5.669193 29.501806
66.600 -149.480067 5.545826 29.502724
66.700 -149.753676 5.426032 29.503685
66.800 -150.036622 5.302452 29.504574
66.900 -150.310278 5.183617 29.504995
67.000 -150.593519 5.062042 29.505043
67.100 -150.867884 4.945811 29.504820
67.200 -151.151446 4.827149 29.504328
67.300 -151.425377 4.713842 29.504513
67.400 -151.708569 4.597598 29.505289
67.500 -151.982097 4.486152 29.506299
67.600 -152.264830 4.371985 29.507679
67.700 -152.537836 4.262703 29.508992
67.800 -152.819408 4.150466 29.510382
67.900 -153.091193 4.042202 29.511555
68.000 -153.371701 3.929938 29.512618
68.100 -153.643338 3.820790 29.513427
68.200 -153.923850 3.707490 29.513340
68.300 -154.194996 3.597417 29.512789
68.400 -154.475341 3.483115 29.511823
68.500 -154.747403 3.372289 29.510374
68.600 -155.029540 3.257544 29.509064
68.700 -155.303161 3.146757 29.508259
68.800 -155.586621 3.032655 29.508006
68.900 -155.861801 2.922520 29.508230
69.000 -156.146391 2.808897 29.508431
69.100 -156.422183 2.699173 29.508442
69.200 -156.707340 2.585576 29.508440
69.300 -156.983231 2.475429 29.508269
69.400 -157.268900 2.361598 29.507954
69.500 -157.545152 2.251537 29.507907
69.600 -157.830181 2.137511 29.507820
69.700 -158.105813 2.026916 29.507393
69.800 -158.390309 1.912335 29.507267
69.900 -158.665501 1.801254 29.507833
70.000 -158.949473 1.686286 29.509070
70.100 -159.223585 1.575433 29.510465
70.200 -159.506311 1.461708 29.511902
70.300 -159.779754 1.352697 29.513443
70.400 -160.062272 1.240393 29.514727
70.500 -160.335867 1.132171 29.515497
70.600 -160.618896 1.020980 29.515969
70.700 -160.893067 0.913903 29.516313
70.800 -161.176600 0.803363 29.516030
70.900 -161.450819 0.696617 29.515534
71.000 -161.734312 0.586364 29.515204
71.100 -162.008222 0.479283 29.514877
71.200 -162.291027 0.368321 29.514667
71.300 -162.564411 0.260743 29.514798
71.400 -162.846370 0.149419 29.515190
71.500 -163.119389 0.041332 29.515826
71.600 -163.402442 -0.070886 29.516532
71.700 -163.677286 -0.180100 29.517068
71.800 -163.962080 -0.294022 29.517480
71.900 -164.237957 -0.405207 29.517761
72.000 -164.523258 -0.520114 29.518081
72.100 -164.799502 -0.631016 29.517904
72.200 -165.084698 -0.745376 29.517705
72.300 -165.359701 -0.855750 29.517323
72.400 -165.642821 -0.969650 29.517007
72.500 -165.915670 -1.079858 29.516601
72.600 -166.197133 -1.193796 29.515944
72.700 -166.469763 -1.303623 29.514826
72.800 -166.752508 -1.416383 29.513334
72.900 -167.026785 -1.524770 29.512161
73.000 -167.310454 -1.636372 29.511333
73.100 -167.584826 -1.744021 29.510692
73.200 -167.868178 -1.854879 29.510052
73.300 -168.142322 -1.962230 29.509851
73.400 -168.425802 -2.072664 29.510068
73.500 -168.700519 -2.178371 29.510162
73.600 -168.985279 -2.286756 29.509948
73.700 -169.260958 -2.391159 29.509743
73.800 -169.545768 -2.499067 29.509458
73.900 -169.820527 -2.603728 29.509551
74.000 -170.103818 -2.711645 29.509771
74.100 -170.377739 -2.815230 29.509926
74.200 -170.661246 -2.922639 29.510489
74.300 -170.935912 -3.027239 29.511293
74.400 -171.219727 -3.135540 29.512064
74.500 -171.493656 -3.240960 29.512325
74.600 -171.775665 -3.350726 29.512300
74.700 -172.048084 -3.457453 29.511535
74.800 -172.329355 -3.568263 29.509807
74.900 -172.602088 -3.675946 29.507976
75.000 -172.885030 -3.787671 29.506039
75.100 -173.158702 -3.896196 29.504095
75.200 -173.441329 -4.008989 29.502263
75.300 -173.714232 -4.117953 29.501201
75.400 -173.995857 -4.229586 29.500484
75.500 -174.268124 -4.336212 29.500017
75.600 -174.550106 -4.445025 29.499921
75.700 -174.823234 -4.549390 29.499973
75.800 -175.105803 -4.656977 29.499851
75.900 -175.379057 -4.760778 29.499280
76.000 -175.661221 -4.867795 29.498041
76.100 -175.934387 -4.971334 29.496438
76.200 -176.216947 -5.078076 29.494494
76.300 -176.490807 -5.180714 29.492602
76.400 -176.774723 -5.286419 29.491332
76.500 -177.049663 -5.388284 29.490414
76.600 -177.335943 -5.494429 29.489909
76.700 -177.612263 -5.597166 29.490091
76.800 -177.897860 -5.704147 29.490878
76.900 -178.173446 -5.808748 29.491775
77.000 -178.457727 -5.917558 29.492449
77.100 -178.732312 -6.022794 29.492821
77.200 -179.015944 -6.131293 29.492800
77.300 -179.289480 -6.236410 29.492042
77.400 -179.572095 -6.345331 29.491499
77.500 -179.845343 -6.451027 29.491415
77.600 -180.128032 -6.560498 29.491891
77.700 -180.400923 -6.665783 29.492804
77.800 -180.684170 -6.774590 29.493770
77.900 -180.957860 -6.879191 29.495000
78.000 -181.240740 -6.987332 29.496718
78.100 -181.514151 -7.092394 29.498307
78.200 -181.798642 -7.202210 29.499703
78.300 -182.073223 -7.308459 29.500830
78.400 -182.357320 -7.418452 29.501708
78.500 -182.632405 -7.525477 29.502149
78.600 -182.916168 -7.637207 29.502599
78.700 -183.190266 -7.745738 29.502750
78.800 -183.474040 -7.858207 29.502926
78.900 -183.749152 -7.967351 29.503142
79.000 -184.033880 -8.080214 29.503155
79.100 -184.308673 -8.188898 29.502931
79.200 -184.592447 -8.301053 29.502805
79.300 -184.865869 -8.409863 29.503491
79.400 -185.148361 -8.523213 29.504638
79.500 -185.421126 -8.633391 29.505723
79.600 -185.674893 -8.736072 29.506613
79.700 -185.914350 -8.832425 29.507339
79.800 -186.182252 -8.939372 29.507787
79.900 -186.471914 -9.053442 29.507640
80.000 -186.741021 -9.158012 29.507420
80.100 -187.030747 -9.269691 29.507459
80.200 -187.299025 -9.372741 29.507468
80.300 -187.588151 -9.483206 29.507168
80.400 -187.855749 -9.585442 29.507199
80.500 -188.143362 -9.695394 29.507375
80.600 -188.409244 -9.797298 29.507683
80.700 -188.694863 -9.907078 29.508151
80.800 -188.959822 -10.008839 29.508571
80.900 -189.245426 -10.118304 29.509155
81.000 -189.510101 -10.219692 29.509842
81.100 -189.795237 -10.329313 29.510244
81.200 -190.059229 -10.431410 29.510531
81.300 -190.344368 -10.541944 29.510229
81.400 -190.609502 -10.645066 29.509220
81.500 -190.896034 -10.757064 29.507977
81.600 -191.162259 -10.861410 29.507105
81.700 -191.449421 -10.974171 29.506254
81.800 -191.715650 -11.079289 29.505743
81.900 -192.002929 -11.192632 29.505475
82.000 -192.269579 -11.297268 29.505642
82.100 -192.558374 -11.410035 29.506386
82.200 -192.826937 -11.514011 29.507185
82.300 -193.117239 -11.625199 29.507887
82.400 -193.387315 -11.727938 29.508337
82.500 -193.679021 -11.838204 29.508416
82.600 -193.949337 -11.939668 29.508202
82.700 -194.239976 -12.048585 29.507355
82.800 -194.508541 -12.149489 29.506196
82.900 -194.796792 -12.258642 29.504526
83.000 -195.062596 -12.360024 29.502865
83.100 -195.348503 -12.469821 29.501116
83.200 -195.613117 -12.571736 29.499707
83.300 -195.898708 -12.681564 29.498736
83.400 -196.162621 -12.783324 29.497994
83.500 -196.451532 -12.894871 29.497332
83.600 -196.718517 -12.997985 29.496729
83.700 -197.007896 -13.109984 29.496484
83.800 -197.276616 -13.213973 29.496597
83.900 -197.566776 -13.326423 29.497514
84.000 -197.836250 -13.430725 29.498991
84.100 -198.127033 -13.543316 29.501531
84.200 -198.396453 -13.647980 29.504531
84.300 -198.687389 -13.761411 29.507588
84.400 -198.956800 -13.866267 29.509863
84.500 -199.248055 -13.979101 29.511227
84.600 -199.518026 -14.083524 29.511931
84.700 -199.809716 -14.196465 29.512046
84.800 -200.079715 -14.301649 29.511356
84.900 -200.371800 -14.416056 29.510270
85.000 -200.642700 -14.522021 29.509556
85.100 -200.934918 -14.635748 29.508983
85.200 -201.205637 -14.740234 29.508724
85.300 -201.497413 -14.852031 29.508703
85.400 -201.767314 -14.955565 29.509258
85.500 -202.059628 -15.067944 29.509977
85.600 -202.330659 -15.172596 29.510285
85.700 -202.622518 -15.286194 29.510074
85.800 -202.892485 -15.392031 29.510000
85.900 -203.182957 -15.506872 29.510002
86.000 -203.452583 -15.614095 29.509603
86.100 -203.743481 -15.730058 29.508891
86.200 -204.012441 -15.837691 29.508689
86.300 -204.301537 -15.954158 29.508246
86.400 -204.567623 -16.061501 29.507687
86.500 -204.857436 -16.178329 29.507631
86.600 -205.124517 -16.285330 29.508009
86.700 -205.413010 -16.399545 29.509372
86.800 -205.680524 -16.504622 29.511320
86.900 -205.969617 -16.617670 29.514029
87.000 -206.237960 -16.722006 29.516070
87.100 -206.527884 -16.833992 29.517928
87.200 -206.797125 -16.936977 29.519302
87.300 -207.087778 -17.046657 29.520094
87.400 -207.356893 -17.147551 29.520381
87.500 -207.647934 -17.256183 29.520953
87.600 -207.917014 -17.356375 29.521510
87.700 -208.207266 -17.464411 29.521970
87.800 -208.475697 -17.564699 29.522098
87.900 -208.765625 -17.673812 29.521961
88.000 -209.033462 -17.775572 29.522139
88.100 -209.322349 -17.885720 29.522489
88.200 -209.589401 -17.987098 29.522506
88.300 -209.876744 -18.096037 29.522166
88.400 -210.142772 -18.197137 29.521826
88.500 -210.429104 -18.305784 29.521296
88.600 -210.694228 -18.406335 29.520813
88.700 -210.979636 -18.514925 29.519917
88.800 -211.244837 -18.616045 29.519156
88.900 -211.531712 -18.725939 29.518963
89.000 -211.799005 -18.828483 29.518769
89.100 -212.088661 -18.939044 29.517864
89.200 -212.358700 -19.041704 29.516812
89.300 -212.650329 -19.152115 29.515732
89.400 -212.920561 -19.253870 29.514708
89.500 -213.211464 -19.363079 29.513745
89.600 -213.480628 -19.464297 29.513238
89.700 -213.770116 -19.573577 29.513332
89.800 -214.038238 -19.675170 29.513126
89.900 -214.327211 -19.784912 29.512982
90.000 -214.594748 -19.887034 29.512736
90.100 -214.883692 -19.998199 29.512570
90.200 -215.151540 -20.101831 29.512527
90.300 -215.439842 -20.213871 29.512305
90.400 -215.706724 -20.318805 29.511571
90.500 -215.994263 -20.433473 29.510644
90.600 -216.261239 -20.540803 29.510135
90.700 -216.549125 -20.656956 29.510141
90.800 -216.815982 -20.765273 29.510723
90.900 -217.103379 -20.882473 29.512192
91.000 -217.369247 -20.990903 29.514047
91.100 -217.656247 -21.106935 29.515723
91.200 -217.922365 -21.213670 29.516834
91.300 -218.209882 -21.327768 29.517876
91.400 -218.478026 -21.432481 29.518426
91.500 -218.768325 -21.544319 29.517979
91.600 -219.038529 -21.647995 29.517024
91.700 -219.330145 -21.759479 29.515577
91.800 -219.600549 -21.862905 29.514206
91.900 -219.891719 -21.975692 29.512853
92.000 -220.161294 -22.081005 29.511514
92.100 -220.452313 -22.195279 29.510814
92.200 -220.722658 -22.301736 29.510494
92.300 -221.014243 -22.416749 29.510265
92.400 -221.284331 -22.523908 29.510078
92.500 -221.575413 -22.639425 29.509869
92.600 -221.845156 -22.746403 29.509722
92.700 -222.136215 -22.861830 29.509333
92.800 -222.406056 -22.968525 29.508913
92.900 -222.696966 -23.082969 29.508315
93.000 -222.966547 -23.188644 29.507796
93.100 -223.257134 -23.302024 29.506658
93.200 -223.526838 -23.406544 29.504937
93.300 -223.817933 -23.518953 29.503368
93.400 -224.088029 -23.623110 29.502605
93.500 -224.376183 -23.734045 29.502538
93.600 -224.646098 -23.837671 29.502650
93.700 -224.937963 -23.949162 29.503732
93.800 -225.208908 -24.052073 29.505478
93.900 -225.501142 -24.163072 29.507289
94.000 -225.771844 -24.266058 29.508237
94.100 -226.062996 -24.377627 29.508879
94.200 -226.332063 -24.481350 29.508984
94.300 -226.621631 -24.592995 29.509009
94.400 -226.889602 -24.696983 29.508818
94.500 -227.178599 -24.809996 29.508223
94.600 -227.446895 -24.915574 29.507628
94.700 -227.736415 -25.030153 29.507145
94.800 -228.005100 -25.136573 29.506834
94.900 -228.294071 -25.250840 29.506495
95.000 -228.561557 -25.355970 29.506345
95.100 -228.849771 -25.468109 29.506345
95.200 -229.116832 -25.571239 29.506502
95.300 -229.404938 -25.682114 29.506876
95.400 -229.672630 -25.784711 29.507024
95.500 -229.960674 -25.894469 29.506829
95.600 -230.227461 -25.996048 29.506343
95.700 -230.514233 -26.105468 29.505514
95.800 -230.779077 -26.207220 29.504682
95.900 -231.064067 -26.318073 29.503416
96.000 -231.327891 -26.421805 29.502071
96.100 -231.612347 -26.533595 29.500906
96.200 -231.876585 -26.636894 29.500717
96.300 -232.161511 -26.748119 29.501365
96.400 -232.425822 -26.851689 29.502524
96.500 -232.710499 -26.964175 29.503774
96.600 -232.975254 -27.069615 29.504390
96.700 -233.260941 -27.183654 29.504457
96.800 -233.526131 -27.289349 29.504286
96.900 -233.812465 -27.402983 29.503702
97.000 -234.078654 -27.507455 29.502835
97.100 -234.366282 -27.619242 29.502054
97.200 -234.633963 -27.722880 29.501234
97.300 -234.923178 -27.834568 29.499733
97.400 -235.192104 -27.938234 29.498261
97.500 -235.482225 -28.049932 29.496525
97.600 -235.751096 -28.153459 29.494850
97.700 -236.041760 -28.264610 29.493503
97.800 -236.311620 -28.367034 29.493124
97.900 -236.602871 -28.477617 29.492793
98.000 -236.872546 -28.580313 29.492574
98.100 -237.163160 -28.691812 29.492617
98.200 -237.432342 -28.795844 29.493086
98.300 -237.722710 -28.907939 29.493832
98.400 -237.992047 -29.011145 29.494456
98.500 -238.282801 -29.121918 29.494649
98.600 -238.550507 -29.224495 29.475261
98.700 -238.835600 -29.336151 29.389375
98.800 -239.094489 -29.438899 29.263397
98.900 -239.363508 -29.546349 29.100924
99.000 -239.598833 -29.640818 28.939434
99.100 -239.833846 -29.734346 28.762916
99.200 -240.031451 -29.811681 28.599858
99.300 -240.221053 -29.883864 28.426323
99.400 -240.375139 -29.941192 28.267315
99.500 -240.517354 -29.992754 28.097644
99.600 -240.627951 -30.031818 27.942166
99.700 -240.724909 -30.065488 27.776106
99.800 -240.795825 -30.089666 27.622931
99.900 -240.853888 -30.108828 27.459053
100.000 -240.892739 -30.120934 27.308198
100.100 -240.920460 -30.128385 27.145896
100.200 -240.934715 -30.131277 26.995914
100.300 -240.939836 -30.130629 26.834909
100.400 -240.937231 -30.127002 26.686283
100.500 -240.928427 -30.119950 26.526584
100.600 -240.916017 -30.111362 26.378878
100.700 -240.899479 -30.101627 26.220471
100.800 -240.882718 -30.092672 26.074339
100.900 -240.863753 -30.083053 25.917163
101.000 -240.846282 -30.074712 25.771337
101.100 -240.827796 -30.066310 25.614353
101.200 -240.810937 -30.059296 25.469355
101.300 -240.793438 -30.053177 25.313386
101.400 -240.777953 -30.048972 25.169155
101.500 -240.762181 -30.045604 25.013675
101.600 -240.749001 -30.043074 24.869793
101.700 -240.736036 -30.040707 24.715024
101.800 -240.725144 -30.038681 24.572400
101.900 -240.714010 -30.037196 24.418686
102.000 -240.704294 -30.036241 24.275647
102.100 -240.695196 -30.035225 24.121275
102.200 -240.688258 -30.034628 23.978039
102.300 -240.682193 -30.034666 23.823176
102.400 -240.677448 -30.035221 23.679371
102.500 -240.673027 -30.036080 23.523801
102.600 -240.670129 -30.036638 23.379188
102.700 -240.667707 -30.036325 23.222971
102.800 -240.665459 -30.035181 23.077838
102.900 -240.662766 -30.033352 22.921180
103.000 -240.659786 -30.031689 22.775955
103.100 -240.656045 -30.030729 22.619214
103.200 -240.651828 -30.030530 22.473743
103.300 -240.646883 -30.030917 22.316678
103.400 -240.641974 -30.032023 22.170571
103.500 -240.636279 -30.033924 22.013450
103.600 -240.630973 -30.036759 21.868284
103.700 -240.625778 -30.040418 21.711506
103.800 -240.621446 -30.043418 21.565704
103.900 -240.617347 -30.045922 21.408491
104.000 -240.614389 -30.047622 21.262945
104.100 -240.612087 -30.048849 21.105875
104.200 -240.610294 -30.049468 20.960174
104.300 -240.609495 -30.049211 20.802816
104.400 -240.610201 -30.048126 20.656865
104.500 -240.612299 -30.046630 20.499339
104.600 -240.614516 -30.044833 20.353740
104.700 -240.617222 -30.042887 20.197031
104.800 -240.620189 -30.041498 20.051961
104.900 -240.623689 -30.039964 19.896144
105.000 -240.626917 -30.038190 19.752314
105.100 -240.630072 -30.035704 19.598192
105.200 -240.632234 -30.032848 19.455780
105.300 -240.633626 -30.028913 19.303209
105.400 -240.634256 -30.024435 19.161606
105.500 -240.634654 -30.019281 19.008823
105.600 -240.634943 -30.014245 18.866759
105.700 -240.635459 -30.009248 18.714522
105.800 -240.635646 -30.005414 18.571897
105.900 -240.636315 -30.002957 18.421283
106.000 -240.636952 -30.002190 18.309747
106.100 -240.637913 -30.002157 18.165114
106.200 -240.639288 -30.003353 18.015572
106.300 -240.639992 -30.005939 17.871436
106.400 -240.639589 -30.010112 17.722239
106.500 -240.638208 -30.015192 17.578751
106.600 -240.636293 -30.020973 17.430155
106.700 -240.633746 -30.026154 17.286776
106.800 -240.630977 -30.030900 17.140611
106.900 -240.628673 -30.034956 16.997026
107.000 -240.627122 -30.038608 16.849214
107.100 -240.626187 -30.041584 16.704450
107.200 -240.626151 -30.043863 16.555208
107.300 -240.627133 -30.045258 16.409603
107.400 -240.628710 -30.045515 16.260588
107.500 -240.630709 -30.044619 16.115533
107.600 -240.633056 -30.043339 15.966322
107.700 -240.635001 -30.041843 15.820693
107.800 -240.636741 -30.039692 15.671097
107.900 -240.638323 -30.037984 15.525299
108.000 -240.639971 -30.037342 15.375569
108.100 -240.641606 -30.037801 15.229654
108.200 -240.642794 -30.039163 15.079609
108.300 -240.643770 -30.040934 14.934172
108.400 -240.644864 -30.043216 14.785182
108.500 -240.646501 -30.046060 14.640664
108.600 -240.648449 -30.048927 14.491709
108.700 -240.650529 -30.051369 14.346305
108.800 -240.652649 -30.053830 14.196196
108.900 -240.654421 -30.055597 14.049052
109.000 -240.655056 -30.056317 13.897815
109.100 -240.655032 -30.056014 13.750200
109.200 -240.654151 -30.055276 13.597786
109.300 -240.653164 -30.054332 13.449451
109.400 -240.652595 -30.053371 13.298257
109.500 -240.651888 -30.052111 13.151187
109.600 -240.650922 -30.050486 13.000070
109.700 -240.649935 -30.048225 12.852702
109.800 -240.649030 -30.046088 12.701126
109.900 -240.648465 -30.044808 12.553146
110.000 -240.648632 -30.044610 12.400580
110.100 -240.649288 -30.044662 12.252909
110.200 -240.650479 -30.044645 12.101668
110.300 -240.652666 -30.044153 11.952375
110.400 -240.656233 -30.043268 11.800282
110.500 -240.660975 -30.042118 11.650827
110.600 -240.666642 -30.040255 11.499511
110.700 -240.672787 -30.038188 11.351432
110.800 -240.679327 -30.035973 11.201309
110.900 -240.685700 -30.033606 11.053674
111.000 -240.691972 -30.031171 10.903824
111.100 -240.697419 -30.028853 10.756015
111.200 -240.701956 -30.026869 10.605238
111.300 -240.705428 -30.025403 10.456903
111.400 -240.708120 -30.024242 10.306236
111.500 -240.710076 -30.023340 10.158304
111.600 -240.711490 -30.022807 10.008473
111.700 -240.712240 -30.022507 9.859944
111.800 -240.712301 -30.022232 9.709525
111.900 -240.711792 -30.022434 9.561524
112.000 -240.710922 -30.023884 9.411386
112.100 -240.710373 -30.026434 9.263694
112.200 -240.710476 -30.029588 9.113604
112.300 -240.710955 -30.032808 8.965680
112.400 -240.712258 -30.036006 8.815321
112.500 -240.714398 -30.038799 8.667029
112.600 -240.716765 -30.040909 8.516250
112.700 -240.718997 -30.041939 8.367529
112.800 -240.721200 -30.042344 8.216552
112.900 -240.724026 -30.042191 8.067868
113.000 -240.727373 -30.041706 7.916952
113.100 -240.730750 -30.040935 7.767409
113.200 -240.733952 -30.040385 7.616317
113.300 -240.737024 -30.040227 7.469089
113.400 -240.739711 -30.039877 7.318928
113.500 -240.741798 -30.039631 7.171885
113.600 -240.742894 -30.039760 7.021206
113.700 -240.742867 -30.040032 6.873796
113.800 -240.742001 -30.040054 6.725508
113.900 -240.740881 -30.039709 6.582724
114.000 -240.739467 -30.039247 6.440184
114.100 -240.737462 -30.038370 6.288148
114.200 -240.735073 -30.037359 6.142808
114.300 -240.732165 -30.035540 5.989478
114.400 -240.729135 -30.033279 5.845288
114.500 -240.725798 -30.030791 5.692780
114.600 -240.722701 -30.028962 5.548791
114.700 -240.719710 -30.027932 5.395872
114.800 -240.717129 -30.027932 5.251507
114.900 -240.714273 -30.028807 5.098400
115.000 -240.711382 -30.029983 4.953415
115.100 -240.708606 -30.031932 4.799656
115.200 -240.706565 -30.034094 4.654466
115.300 -240.704508 -30.035922 4.500883
115.400 -240.702461 -30.037131 4.356004
115.500 -240.700789 -30.038197 4.202569
115.600 -240.699747 -30.038654 4.057719
115.700 -240.698799 -30.038759 3.904136
115.800 -240.697920 -30.038460 3.759507
115.900 -240.697234 -30.037500 3.606918
116.000 -240.696765 -30.035884 3.463010
116.100 -240.696733 -30.034129 3.311141
116.200 -240.697038 -30.032468 3.167806
116.300 -240.697737 -30.030632 3.015769
116.400 -240.698389 -30.028896 2.871988
116.500 -240.699348 -30.027266 2.719688
116.600 -240.700484 -30.025406 2.575656
116.700 -240.701049 -30.022918 2.423179
116.800 -240.700907 -30.020530 2.279147
116.900 -240.700218 -30.017817 2.126404
117.000 -240.699320 -30.015847 1.981629
117.100 -240.698354 -30.014907 1.828053
117.200 -240.697759 -30.015247 1.682292
117.300 -240.697803 -30.017231 1.528161
117.400 -240.698278 -30.020204 1.388729
117.500 -240.699226 -30.024003 1.254443
117.600 -240.700469 -30.027800 1.141700
117.700 -240.701820 -30.032083 1.037298
117.800 -240.702893 -30.036748 0.951113
117.900 -240.703633 -30.042074 0.871653
118.000 -240.704155 -30.046954 0.805839
118.100 -240.704889 -30.051726 0.744486
118.200 -240.706051 -30.055168 0.693888
118.300 -240.707830 -30.057867 0.645953
118.400 -240.709818 -30.059772 0.605835
118.500 -240.712235 -30.061645 0.567464
118.600 -240.714697 -30.063215 0.535077
118.700 -240.717672 -30.065146 0.503523
118.800 -240.720417 -30.066838 0.476583
118.900 -240.723019 -30.069024 0.449997
119.000 -240.724880 -30.071766 0.426748
119.100 -240.726190 -30.074885 0.403480
119.200 -240.726775 -30.077757 0.383383
119.300 -240.726803 -30.080527 0.364295
119.400 -240.726932 -30.082507 0.348495
119.500 -240.727265 -30.083400 0.333548
119.600 -240.727546 -30.083218 0.321108
119.700 -240.728154 -30.082186 0.309005
119.800 -240.728388 -30.080814 0.298815
119.900 -240.728015 -30.078999 0.288661
120.000 -240.727031 -30.077000 0.279915
120.100 -240.725079 -30.073921 0.271299
120.200 -240.722630 -30.070354 0.264064
120.300 -240.719684 -30.065733 0.257417
120.400 -240.716779 -30.060558 0.251641
120.500 -240.713708 -30.054713 0.245996
120.600 -240.711700 -30.049786 0.241156
120.700 -240.710808 -30.045008 0.236325
120.800 -240.711022 -30.041160 0.231962
120.900 -240.711692 -30.037647 0.226970
121.000 -240.712414 -30.034830 0.221885
121.100 -240.713172 -30.031677 0.216274
121.200 -240.713674 -30.028278 0.211844
121.300 -240.713941 -30.024496 0.208452
121.400 -240.713986 -30.021310 0.205579
121.500 -240.713891 -30.018565 0.203027
121.600 -240.713519 -30.016704 0.200492
121.700 -240.712939 -30.015103 0.197272
121.800 -240.712168 -30.014104 0.194101
121.900 -240.711275 -30.013738 0.190860
122.000 -240.710712 -30.013565 0.188078
122.100 -240.710352 -30.013519 0.185412
122.200 -240.710232 -30.014599 0.182916
122.300 -240.710218 -30.016926 0.180138
122.400 -240.710405 -30.019573 0.178363
122.500 -240.710315 -30.022554 0.177391
122.600 -240.709069 -30.025632 0.176705
122.700 -240.706932 -30.028913 0.175819
122.800 -240.704112 -30.031370 0.175038
122.900 -240.700525 -30.033133 0.174143
123.000 -240.696770 -30.033875 0.173329
123.100 -240.692591 -30.034119 0.172807
123.200 -240.689151 -30.033894 0.172466
123.300 -240.685470 -30.032720 0.172119
123.400 -240.682520 -30.031312 0.171860
123.500 -240.680539 -30.029607 0.170860
123.600 -240.679770 -30.027324 0.169480
123.700 -240.679623 -30.024461 0.167795
123.800 -240.679881 -30.021870 0.166164
123.900 -240.680919 -30.019817 0.164911
124.000 -240.682407 -30.018569 0.163899
124.100 -240.685065 -30.017575 0.163270
124.200 -240.688695 -30.017053 0.163467
124.300 -240.693975 -30.017344 0.164742
124.400 -240.699856 -30.018480 0.166393
124.500 -240.706777 -30.020102 0.167890
124.600 -240.713777 -30.022215 0.168750
124.700 -240.721370 -30.024593 0.169015
124.800 -240.727851 -30.026975 0.169180
124.900 -240.733827 -30.029440 0.169361
125.000 -240.738252 -30.031686 0.169886
125.100 -240.741328 -30.033923 0.169988
125.200 -240.743105 -30.035330 0.170125
125.300 -240.743629 -30.036058 0.170683
125.400 -240.742511 -30.036539 0.171294
125.500 -240.739843 -30.037017 0.171825
125.600 -240.736701 -30.037417 0.172455
125.700 -240.732778 -30.038481 0.173531
125.800 -240.728595 -30.040318 0.174764
125.900 -240.723847 -30.043770 0.176007
126.000 -240.719420 -30.047968 0.177180
126.100 -240.715191 -30.052508 0.178366
126.200 -240.711885 -30.056484 0.179437
126.300 -240.709095 -30.060065 0.180651
126.400 -240.707545 -30.063107 0.181815
126.500 -240.706919 -30.065964 0.181629
126.600 -240.707069 -30.067761 0.180301
126.700 -240.708006 -30.068243 0.178018
126.800 -240.709437 -30.067176 0.175131
126.900 -240.710810 -30.064611 0.171886
127.000 -240.711618 -30.061645 0.169739
127.100 -240.712348 -30.057915 0.168506
127.200 -240.713118 -30.054315 0.168456
127.300 -240.714278 -30.050066 0.169206
127.400 -240.715566 -30.045696 0.170572
127.500 -240.716700 -30.040621 0.172376
127.600 -240.717718 -30.035509 0.173877
127.700 -240.719054 -30.030368 0.174596
127.800 -240.720597 -30.026893 0.174699
127.900 -240.722602 -30.024814 0.174287
128.000 -240.724535 -30.024214 0.173362
128.100 -240.726369 -30.025009 0.172155
128.200 -240.728374 -30.026824 0.171145
128.300 -240.730866 -30.029578 0.170128
128.400 -240.733463 -30.032620 0.169015
128.500 -240.736078 -30.036444 0.167723
128.600 -240.737830 -30.040449 0.166064
128.700 -240.738472 -30.044479 0.164250
128.800 -240.737634 -30.047387 0.162804
128.900 -240.735640 -30.049756 0.161625
129.000 -240.733260 -30.051677 0.160392
129.100 -240.729757 -30.053414 0.159020
129.200 -240.725756 -30.054746 0.157885
129.300 -240.721142 -30.056144 0.157052
129.400 -240.716754 -30.058101 0.156779
129.500 -240.712363 -30.060654 0.156912
129.600 -240.709025 -30.062700 0.157641
129.700 -240.706209 -30.064254 0.157959
129.800 -240.704932 -30.065136 0.158061
129.900 -240.705241 -30.066256 0.157853
130.000 -240.706611 -30.067475 0.157565
130.100 -240.708796 -30.068161 0.157148
130.200 -240.710759 -30.068389 0.156782
130.300 -240.712824 -30.068390 0.156323
130.400 -240.714979 -30.068361 0.155966
130.500 -240.717433 -30.068015 0.155678
130.600 -240.719547 -30.067015 0.155507
130.700 -240.721363 -30.065448 0.155645
130.800 -240.723214 -30.063672 0.156022
130.900 -240.725584 -30.061592 0.157110
131.000 -240.728109 -30.059698 0.158656
131.100 -240.730989 -30.057350 0.160700
131.200 -240.733583 -30.054605 0.162628
131.300 -240.735846 -30.051380 0.164123
131.400 -240.737400 -30.047906 0.165264
131.500 -240.738268 -30.043782 0.166664
131.600 -240.738348 -30.039786 0.167995
131.700 -240.737857 -30.036206 0.169348
131.800 -240.737100 -30.033971 0.169949
131.900 -240.736065 -30.032631 0.170189
132.000 -240.734654 -30.031963 0.169796
132.100 -240.732478 -30.031782 0.168892
132.200 -240.730111 -30.031675 0.167999
132.300 -240.728075 -30.031291 0.167368
132.400 -240.726118 -30.030563 0.166831
132.500 -240.724069 -30.029406 0.166272
132.600 -240.721712 -30.027658 0.165893
132.700 -240.719397 -30.025844 0.166237
132.800 -240.716873 -30.024435 0.167264
132.900 -240.714217 -30.023567 0.167995
133.000 -240.710950 -30.023151 0.168226
133.100 -240.707828 -30.022768 0.168223
133.200 -240.705250 -30.022494 0.168379
133.300 -240.703079 -30.022212 0.168295
133.400 -240.701257 -30.022073 0.168445
133.500 -240.700357 -30.021972 0.169097
133.600 -240.700116 -30.021675 0.169748
133.700 -240.700207 -30.021076 0.169527
133.800 -240.699937 -30.020286 0.168941
133.900 -240.699474 -30.020251 0.168290
134.000 -240.699187 -30.021582 0.167740
134.100 -240.699584 -30.024342 0.167789
134.200 -240.700932 -30.028316 0.167818
134.300 -240.702721 -30.032548 0.167583
134.400 -240.705072 -30.036879 0.167103
134.500 -240.707280 -30.041339 0.166188
134.600 -240.709086 -30.047110 0.164955
134.700 -240.710128 -30.052817 0.163615
134.800 -240.711144 -30.057728 0.162842
134.900 -240.712309 -30.061136 0.162791
135.000 -240.713792 -30.063938 0.162940
135.100 -240.715074 -30.065541 0.163015
135.200 -240.715226 -30.066118 0.163034
135.300 -240.714440 -30.066049 0.163136
135.400 -240.712836 -30.065508 0.163033
135.500 -240.711371 -30.064821 0.162556
135.600 -240.709865 -30.064085 0.162411
135.700 -240.708618 -30.063423 0.162607
135.800 -240.707379 -30.062722 0.162935
135.900 -240.706214 -30.061792 0.163286
136.000 -240.705050 -30.060733 0.163922
136.100 -240.704228 -30.059747 0.164815
136.200 -240.703773 -30.058864 0.166094
136.300 -240.703566 -30.058120 0.167221
136.400 -240.703917 -30.057801 0.168659
136.500 -240.704528 -30.057757 0.170084
136.600 -240.705016 -30.057672 0.171619
136.700 -240.705859 -30.057204 0.172683
136.800 -240.707261 -30.056138 0.173407
136.900 -240.708468 -30.054885 0.173698
137.000 -240.709748 -30.053360 0.173855
137.100 -240.710756 -30.051895 0.173816
137.200 -240.712007 -30.049919 0.174219
137.300 -240.713813 -30.048098 0.175360
137.400 -240.716022 -30.046507 0.177282
137.500 -240.718210 -30.045391 0.179148
137.600 -240.720721 -30.045259 0.180608
137.700 -240.722446 -30.045810 0.181305
137.800 -240.723416 -30.047345 0.181673
137.900 -240.722982 -30.048644 0.181540
138.000 -240.721165 -30.049736 0.181231
138.100 -240.718672 -30.050471 0.181072
138.200 -240.715838 -30.050599 0.180589
138.300 -240.713349 -30.049851 0.179904
138.400 -240.711388 -30.048174 0.178683
138.500 -240.710660 -30.046761 0.177132
138.600 -240.711198 -30.045585 0.174586
138.700 -240.712931 -30.044722 0.171987
138.800 -240.715765 -30.044523 0.169791
138.900 -240.718394 -30.044118 0.168408
139.000 -240.721365 -30.043245 0.167513
139.100 -240.724083 -30.042044 0.167052
139.200 -240.726381 -30.040165 0.167224
139.300 -240.727816 -30.038081 0.167602
139.400 -240.729034 -30.036412 0.168004
139.500 -240.730012 -30.035158 0.167955
139.600 -240.731002 -30.034003 0.167622
139.700 -240.732104 -30.033605 0.167650
139.800 -240.733613 -30.034027 0.168271
139.900 -240.735204 -30.034985 0.169215
140.000 -240.736909 -30.036407 0.169746
140.100 -240.738347 -30.037898 0.170345
140.200 -240.740191 -30.039616 0.171438
140.300 -240.742011 -30.041317 0.172649
140.400 -240.744066 -30.043425 0.173706
140.500 -240.745470 -30.045615 0.174486
140.600 -240.746182 -30.047722 0.174657
140.700 -240.745827 -30.049177 0.174386
140.800 -240.744682 -30.050620 0.173868
140.900 -240.743139 -30.051635 0.173551
141.000 -240.741677 -30.052681 0.173526
141.100 -240.740501 -30.053279 0.173735
141.200 -240.739403 -30.052764 0.173651
141.300 -240.738133 -30.051534 0.172850
141.400 -240.736166 -30.049569 0.171249
141.500 -240.734055 -30.046892 0.169278
141.600 -240.731665 -30.043588 0.167091
141.700 -240.729508 -30.040231 0.165281
141.800 -240.726719 -30.036676 0.163951
141.900 -240.724290 -30.033693 0.163598
142.000 -240.721945 -30.031444 0.163932
142.100 -240.720051 -30.030848 0.164992
142.200 -240.718284 -30.031596 0.166944
142.300 -240.716710 -30.032951 0.168692
142.400 -240.714605 -30.034903 0.170358
142.500 -240.711851 -30.037106 0.171747
142.600 -240.708269 -30.039314 0.173102
142.700 -240.705001 -30.040458 0.173880
142.800 -240.702046 -30.040887 0.173952
142.900 -240.700048 -30.041073 0.173234
143.000 -240.698939 -30.041481 0.172164
143.100 -240.699051 -30.041880 0.170966
143.200 -240.700163 -30.042672 0.169714
143.300 -240.702039 -30.044233 0.168004
143.400 -240.704761 -30.047289 0.165835
143.500 -240.707681 -30.051491 0.163815
143.600 -240.711112 -30.057567 0.162058
143.700 -240.714164 -30.064048 0.161196
143.800 -240.717162 -30.071114 0.161366
143.900 -240.719902 -30.077188 0.161952
144.000 -240.723049 -30.082659 0.162578
144.100 -240.725824 -30.086217 0.163213
144.200 -240.728080 -30.088362 0.163861
144.300 -240.729616 -30.088875 0.164188
144.400 -240.731018 -30.087605 0.164302
144.500 -240.731668 -30.085047 0.164383
144.600 -240.731208 -30.081721 0.164440
144.700 -240.729519 -30.078569 0.164628
144.800 -240.726608 -30.074794 0.165129
144.900 -240.723045 -30.070203 0.165313
145.000 -240.718867 -30.064571 0.164910
145.100 -240.714975 -30.059215 0.164221
145.200 -240.710710 -30.053289 0.163393
145.300 -240.706617 -30.047840 0.162596
145.400 -240.702478 -30.042090 0.162159
145.500 -240.699297 -30.036537 0.161833
145.600 -240.696437 -30.030917 0.161790
145.700 -240.694241 -30.026370 0.162021
145.800 -240.692305 -30.022333 0.161868
145.900 -240.691317 -30.020231 0.161549
146.000 -240.690721 -30.020470 0.161739
146.100 -240.690654 -30.022218 0.162247
146.200 -240.691003 -30.025350 0.162881
146.300 -240.690917 -30.029005 0.163568
146.400 -240.690373 -30.033032 0.164550
146.500 -240.689773 -30.036564 0.165775
146.600 -240.689978 -30.040442 0.167375
146.700 -240.690725 -30.044034 0.168907
146.800 -240.691593 -30.048542 0.169841
146.900 -240.692193 -30.053089 0.170133
147.000 -240.693010 -30.057713 0.169914
147.100 -240.694081 -30.061429 0.168831
147.200 -240.695026 -30.064738 0.167162
147.300 -240.695925 -30.067179 0.165612
147.400 -240.697367 -30.069003 0.164048
147.500 -240.699095 -30.069961 0.163184
147.600 -240.701404 -30.070689 0.162455
147.700 -240.703352 -30.070552 0.162288
147.800 -240.705389 -30.068577 0.162652
147.900 -240.707169 -30.065425 0.163256
148.000 -240.708826 -30.060946 0.164314
148.100 -240.710690 -30.055524 0.165641
148.200 -240.713136 -30.049074 0.166734
148.300 -240.715494 -30.043032 0.166768
148.400 -240.717927 -30.036533 0.165929
148.500 -240.720210 -30.031036 0.164573
148.600 -240.722193 -30.026691 0.162925
148.700 -240.723499 -30.024363 0.161235
148.800 -240.724777 -30.023274 0.159405
148.900 -240.725216 -30.023496 0.157914
149.000 -240.724616 -30.024894 0.157218
149.100 -240.723213 -30.026917 0.157537
149.200 -240.721630 -30.029242 0.158633
149.300 -240.720295 -30.031590 0.159748
149.400 -240.719471 -30.034540 0.161067
149.500 -240.719099 -30.036906 0.162427
149.600 -240.719217 -30.038336 0.163745
149.700 -240.719734 -30.039239 0.164390
149.800 -240.720659 -30.039475 0.164527
149.900 -240.722107 -30.038928 0.164403
150.000 -240.724324 -30.037620 0.164330
150.100 -240.726590 -30.036016 0.164385
150.200 -240.728859 -30.034137 0.164667
150.300 -240.730382 -30.032450 0.165892
150.400 -240.730788 -30.030828 0.167661
150.500 -240.729790 -30.030145 0.169041
150.600 -240.727259 -30.030137 0.170599
150.700 -240.724169 -30.030564 0.171901
150.800 -240.720595 -30.031861 0.172909
150.900 -240.717544 -30.033807 0.173701
151.000 -240.714909 -30.035912 0.174172
151.100 -240.713006 -30.037789 0.174386
151.200 -240.710773 -30.040182 0.174544
151.300 -240.708326 -30.042621 0.174216
151.400 -240.705513 -30.045029 0.173786
151.500 -240.702848 -30.046475 0.173711
151.600 -240.700258 -30.047912 0.174266
151.700 -240.698312 -30.049240 0.175299
151.800 -240.696513 -30.050353 0.176619
151.900 -240.695511 -30.050760 0.177596
152.000 -240.695414 -30.050399 0.177988
152.100 -240.696217 -30.049180 0.178025
152.200 -240.697842 -30.047316 0.177565
152.300 -240.699827 -30.045489 0.176955
152.400 -240.702577 -30.043574 0.176289
152.500 -240.705438 -30.041961 0.175973
152.600 -240.708182 -30.040076 0.175792
152.700 -240.710114 -30.038236 0.175904
152.800 -240.711761 -30.036220 0.176492
152.900 -240.712641 -30.034305 0.177217
153.000 -240.712782 -30.031807 0.178043
153.100 -240.712825 -30.029509 0.178048
153.200 -240.713324 -30.027695 0.177677
153.300 -240.713515 -30.027206 0.176532
153.400 -240.712639 -30.028120 0.175104
153.500 -240.711551 -30.030300 0.173757
153.600 -240.710590 -30.033960 0.172011
153.700 -240.710203 -30.037813 0.169815
153.800 -240.709885 -30.041678 0.167338
153.900 -240.709592 -30.044830 0.165491
154.000 -240.709320 -30.047811 0.163711
154.100 -240.709029 -30.049858 0.162303
154.200 -240.709069 -30.050628 0.160926
154.300 -240.709739 -30.050422 0.160281
154.400 -240.710606 -30.049839 0.160150
154.500 -240.711281 -30.049596 0.160429
154.600 -240.711891 -30.049359 0.161307
154.700 -240.712425 -30.048646 0.162412
154.800 -240.712929 -30.048166 0.163689
154.900 -240.713100 -30.048174 0.164682
155.000 -240.713190 -30.048139 0.165577
155.100 -240.713888 -30.048044 0.166283
155.200 -240.715118 -30.047909 0.166642
155.300 -240.716510 -30.047799 0.166420
155.400 -240.718167 -30.047633 0.165715
155.500 -240.719639 -30.047830 0.164869
155.600 -240.720535 -30.048632 0.164021
155.700 -240.720640 -30.049953 0.163772
155.800 -240.720414 -30.051937 0.164043
155.900 -240.720362 -30.054267 0.164019
156.000 -240.720325 -30.057251 0.163171
156.100 -240.720064 -30.060553 0.162294
156.200 -240.719469 -30.063940 0.162060
156.300 -240.718462 -30.066851 0.162446
156.400 -240.717127 -30.069661 0.162955
156.500 -240.716138 -30.071823 0.163761
156.600 -240.715299 -30.073369 0.164817
156.700 -240.714770 -30.073976 0.165924
156.800 -240.714607 -30.073256 0.167192
156.900 -240.714970 -30.070934 0.168699
157.000 -240.715455 -30.067380 0.170024
157.100 -240.715754 -30.063383 0.170410
157.200 -240.715639 -30.058069 0.169861
157.300 -240.715408 -30.052347 0.168746
157.400 -240.715186 -30.046774 0.168159
157.500 -240.714432 -30.042475 0.167842
157.600 -240.712826 -30.038527 0.167272
157.700 -240.710577 -30.035178 0.166600
157.800 -240.707889 -30.032546 0.165758
157.900 -240.705584 -30.030811 0.164993
158.000 -240.703666 -30.029713 0.163938
158.100 -240.702399 -30.028870 0.162770
158.200 -240.701377 -30.027619 0.161212
158.300 -240.701063 -30.025911 0.159464
158.400 -240.701090 -30.023764 0.157310
158.500 -240.701424 -30.021509 0.155345
158.600 -240.702418 -30.019358 0.153831
158.700 -240.704337 -30.018027 0.153169
158.800 -240.707096 -30.017601 0.153152
158.900 -240.709752 -30.018442 0.153601
159.000 -240.711766 -30.020622 0.154238
159.100 -240.712610 -30.023393 0.154762
159.200 -240.712199 -30.026469 0.155349
159.300 -240.710646 -30.029660 0.155769
159.400 -240.708568 -30.033654 0.155862
159.500 -240.706077 -30.037802 0.156036
159.600 -240.703772 -30.041116 0.156467
159.700 -240.700438 -30.045212 0.157328
159.800 -240.696830 -30.048740 0.158154
159.900 -240.693114 -30.052078 0.158912
160.000 -240.690352 -30.054498 0.159547
160.100 -240.688485 -30.056043 0.160403
160.200 -240.687576 -30.056869 0.160874
160.300 -240.687357 -30.057117 0.160696
160.400 -240.687710 -30.056439 0.160436
160.500 -240.688742 -30.055031 0.160238
160.600 -240.690153 -30.053872 0.160061
160.700 -240.692228 -30.052866 0.160033
160.800 -240.694755 -30.051984 0.160126
160.900 -240.698101 -30.050207 0.160655
161.000 -240.701484 -30.047839 0.160655
161.100 -240.705169 -30.044788 0.160814
161.200 -240.708872 -30.041409 0.161535
161.300 -240.712755 -30.037994 0.162768
161.400 -240.716108 -30.035402 0.163936
161.500 -240.719191 -30.033125 0.164850
161.600 -240.721860 -30.030995 0.165916
161.700 -240.724370 -30.028944 0.167313
161.800 -240.725859 -30.027437 0.168631
161.900 -240.726858 -30.026213 0.170034
162.000 -240.727705 -30.025215 0.171427
162.100 -240.728916 -30.024115 0.173093
162.200 -240.730240 -30.022932 0.174741
162.300 -240.731687 -30.021674 0.176148
162.400 -240.732898 -30.020332 0.177333
162.500 -240.733164 -30.019025 0.178090
162.600 -240.732057 -30.017736 0.177877
162.700 -240.729468 -30.016478 0.176517
162.800 -240.726365 -30.015399 0.174836
162.900 -240.722668 -30.014210 0.173350
163.000 -240.718839 -30.013850 0.172307
163.100 -240.714842 -30.014733 0.171487
163.200 -240.711571 -30.016218 0.170815
163.300 -240.708321 -30.018554 0.170500
163.400 -240.705353 -30.022017 0.170401
163.500 -240.702499 -30.026713 0.169700
163.600 -240.700275 -30.031694 0.168349
163.700 -240.699404 -30.036642 0.167036
163.800 -240.699878 -30.040947 0.166042
163.900 -240.700969 -30.044720 0.165552
164.000 -240.701839 -30.046779 0.165053
164.100 -240.702125 -30.047330 0.164849
164.200 -240.702013 -30.046408 0.164799
164.300 -240.701769 -30.044063 0.164776
164.400 -240.701570 -30.040642 0.164852
164.500 -240.701573 -30.036416 0.165444
164.600 -240.702004 -30.032507 0.166198
164.700 -240.702945 -30.029182 0.167179
164.800 -240.703935 -30.026967 0.168222
164.900 -240.705102 -30.025405 0.169202
165.000 -240.706385 -30.025310 0.169371
165.100 -240.708083 -30.026356 0.169217
165.200 -240.710366 -30.027923 0.169388
165.300 -240.713274 -30.030077 0.169299
165.400 -240.716338 -30.032167 0.169025
165.500 -240.719791 -30.033553 0.168587
165.600 -240.722866 -30.034185 0.168100
165.700 -240.725584 -30.034296 0.167698
165.800 -240.728183 -30.033177 0.167221
165.900 -240.731001 -30.031301 0.166443
166.000 -240.733308 -30.029256 0.165410
166.100 -240.735192 -30.027328 0.164225
166.200 -240.736498 -30.025746 0.163039
166.300 -240.736900 -30.024244 0.162076
166.400 -240.736369 -30.023157 0.161858
166.500 -240.734834 -30.022247 0.162448
166.600 -240.732575 -30.021458 0.163498
166.700 -240.730679 -30.020779 0.164382
166.800 -240.728230 -30.020203 0.165703
166.900 -240.725984 -30.020182 0.166991
167.000 -240.724038 -30.020761 0.168457
167.100 -240.721788 -30.022171 0.170147
167.200 -240.719759 -30.024951 0.172127
167.300 -240.718367 -30.028768 0.174623
167.400 -240.717494 -30.033231 0.176784
167.500 -240.716673 -30.038312 0.178446
167.600 -240.715905 -30.043089 0.179595
167.700 -240.715228 -30.047436 0.180812
167.800 -240.714634 -30.051505 0.181879
167.900 -240.714347 -30.055836 0.182823
168.000 -240.714200 -30.059375 0.183355
168.100 -240.714017 -30.062637 0.183944
168.200 -240.713864 -30.065404 0.184619
168.300 -240.714183 -30.066915 0.185082
168.400 -240.714994 -30.066896 0.185078
168.500 -240.715952 -30.065347 0.184323
168.600 -240.716684 -30.062297 0.183272
168.700 -240.717636 -30.057940 0.182065
168.800 -240.718495 -30.052754 0.181218
168.900 -240.718995 -30.047183 0.180455
169.000 -240.719224 -30.042300 0.179877
169.100 -240.719519 -30.038185 0.179299
169.200 -240.719267 -30.034756 0.178906
169.300 -240.718388 -30.032258 0.178574
169.400 -240.717351 -30.030972 0.178110
169.500 -240.716596 -30.030492 0.177434
169.600 -240.716053 -30.030697 0.176730
169.700 -240.715325 -30.031507 0.175760
169.800 -240.714766 -30.033157 0.174290
169.900 -240.714069 -30.035254 0.171703
170.000 -240.713382 -30.037042 0.168902
170.100 -240.713126 -30.038864 0.166316
170.200 -240.713672 -30.040870 0.164639
170.300 -240.715106 -30.043196 0.163132
170.400 -240.717162 -30.046246 0.161884
170.500 -240.719235 -30.050417 0.160862
170.600 -240.721469 -30.055649 0.160447
170.700 -240.723954 -30.061692 0.160558
170.800 -240.726413 -30.067107 0.160885
170.900 -240.728914 -30.072150 0.161244
171.000 -240.730851 -30.076195 0.161565
171.100 -240.731995 -30.079549 0.161902
171.200 -240.732362 -30.082172 0.162231
171.300 -240.732124 -30.084328 0.162904
171.400 -240.731708 -30.085822 0.163840
171.500 -240.730962 -30.086415 0.165367
171.600 -240.729935 -30.085148 0.166623
171.700 -240.728759 -30.082317 0.167269
171.800 -240.727258 -30.078551 0.167233
171.900 -240.724882 -30.073946 0.166811
172.000 -240.721857 -30.069075 0.166301
172.100 -240.718521 -30.063980 0.166152
172.200 -240.715490 -30.059727 0.166676
172.300 -240.713167 -30.057122 0.167553
172.400 -240.711666 -30.056273 0.168567
172.500 -240.710515 -30.056656 0.169546
172.600 -240.709559 -30.057679 0.170503
172.700 -240.708470 -30.059021 0.171146
172.800 -240.707049 -30.060253 0.171591
172.900 -240.705429 -30.061838 0.172064
173.000 -240.704093 -30.063648 0.172639
173.100 -240.702880 -30.065115 0.173278
173.200 -240.702269 -30.066374 0.173916
173.300 -240.702210 -30.067411 0.174252
173.400 -240.702697 -30.067647 0.174173
173.500 -240.703703 -30.067088 0.173509
173.600 -240.705343 -30.065804 0.172960
173.700 -240.706922 -30.063432 0.172807
173.800 -240.708270 -30.060150 0.172250
173.900 -240.709158 -30.056353 0.170931
174.000 -240.709115 -30.052413 0.168654
174.100 -240.708434 -30.048280 0.166049
174.200 -240.707495 -30.044288 0.163339
174.300 -240.706704 -30.041032 0.160612
174.400 -240.706085 -30.039071 0.158279
174.500 -240.705185 -30.037360 0.156259
174.600 -240.703780 -30.035780 0.154773
174.700 -240.701709 -30.034580 0.153790
174.800 -240.699594 -30.033788 0.153056
174.900 -240.697669 -30.033627 0.152449
175.000 -240.696093 -30.033592 0.152461
175.100 -240.695097 -30.033530 0.152792
175.200 -240.694932 -30.033277 0.153106
175.300 -240.695783 -30.032829 0.153407
175.400 -240.698125 -30.032570 0.154174
175.500 -240.701911 -30.033061 0.154783
175.600 -240.706358 -30.034717 0.155648
175.700 -240.710954 -30.037332 0.157114
175.800 -240.715138 -30.040254 0.158798
175.900 -240.719356 -30.043405 0.160614
176.000 -240.723449 -30.046572 0.162571
176.100 -240.727838 -30.050022 0.164144
176.200 -240.732313 -30.053637 0.165264
176.300 -240.736488 -30.057595 0.165543
176.400 -240.739598 -30.061690 0.161119
176.500 -240.741990 -30.065804 0.145909
176.600 -240.743522 -30.070116 0.115676
176.700 -240.744551 -30.074383 0.064106
176.800 -240.745294 -30.078367 -0.002889
176.900 -240.746179 -30.081702 -0.080195
177.000 -240.747381 -30.083557 -0.156491
177.100 -240.748836 -30.083563 -0.230580
177.200 -240.750236 -30.081607 -0.296409
177.300 -240.751210 -30.078516 -0.360211
177.400 -240.751806 -30.074870 -0.420965
177.500 -240.751930 -30.070464 -0.483713
177.600 -240.751652 -30.066518 -0.545228
177.700 -240.750859 -30.062895 -0.609148
177.800 -240.749477 -30.059630 -0.671532
177.900 -240.747515 -30.056371 -0.735775
178.000 -240.745482 -30.053506 -0.797363
178.100 -240.743568 -30.050974 -0.861985
178.200 -240.742216 -30.048916 -0.925213
178.300 -240.741303 -30.047186 -0.992139
178.400 -240.741308 -30.046331 -1.057489
178.500 -240.744598 -30.049014 -1.115719
178.600 -240.749499 -30.053677 -1.164505
178.700 -240.753864 -30.057147 -1.209511
178.800 -240.755914 -30.058350 -1.248385
178.900 -240.757644 -30.059799 -1.284809
179.000 -240.758613 -30.060493 -1.316821
179.100 -240.758163 -30.060613 -1.346362
179.200 -240.757335 -30.060734 -1.372241
179.300 -240.756373 -30.061405 -1.395362
179.400 -240.754862 -30.062894 -1.415437
179.500 -240.753040 -30.065019 -1.434494
179.600 -240.751478 -30.066777 -1.451241
179.700 -240.750507 -30.068155 -1.467778
179.800 -240.750131 -30.068512 -1.482006
179.900 -240.749749 -30.068100 -1.495078
180.000 -240.749264 -30.067502 -1.506084
