time_sec x_east_m y_north_m z_up_m
0.000000 0.000000 0.000000 0.000000
0.037500 0.005173 -0.035022 0.184361
0.075000 0.010922 -0.064313 0.378245
0.112500 0.016927 -0.091793 0.612884
0.150000 0.021334 -0.112746 0.850287
0.187500 0.023952 -0.131091 1.121621
0.225000 0.024313 -0.144483 1.377481
0.262500 0.022395 -0.155864 1.656682
0.300000 0.017910 -0.163918 1.914985
0.337500 0.010210 -0.170548 2.194250
0.375000 0.000339 -0.174916 2.451304
0.412500 -0.013067 -0.177866 2.729630
0.450000 -0.027347 -0.178889 2.986972
0.487500 -0.044209 -0.178375 3.266268
0.525000 -0.060529 -0.177348 3.525292
0.562500 -0.077492 -0.175811 3.807635
0.600000 -0.091452 -0.173009 4.069890
0.637500 -0.105140 -0.167866 4.355163
0.675000 -0.116036 -0.160577 4.619963
0.712500 -0.125410 -0.149203 4.908039
0.750000 -0.131760 -0.135691 5.174497
0.787500 -0.136515 -0.118962 5.464064
0.825000 -0.139281 -0.102631 5.732624
0.862500 -0.140607 -0.084394 6.024857
0.900000 -0.139926 -0.067508 6.295345
0.937500 -0.138140 -0.049609 6.585571
0.975000 -0.135284 -0.033112 6.859272
1.012500 -0.130639 -0.015835 7.154073
1.050000 -0.125276 -0.000423 7.429808
1.087500 -0.118713 0.015628 7.727149
1.125000 -0.111923 0.029388 8.004507
1.162500 -0.103578 0.042963 8.302923
1.200000 -0.094808 0.053677 8.578179
1.237500 -0.084671 0.062750 8.876111
1.275000 -0.074697 0.068838 9.157145
1.312500 -0.064221 0.073074 9.456254
1.350000 -0.055207 0.075693 9.739476
1.387500 -0.046513 0.077161 10.041164
1.425000 -0.038531 0.077416 10.326325
1.462500 -0.030622 0.077337 10.628821
1.500000 -0.024179 0.077221 10.914347
1.537500 -0.018248 0.077162 11.217750
1.575000 -0.013280 0.077158 11.504364
1.612500 -0.008171 0.076771 11.808596
1.650000 -0.003317 0.075818 12.095637
1.687500 0.002148 0.074353 12.400140
1.725000 0.007285 0.072972 12.686961
1.762500 0.011325 0.071980 12.918283
1.800000 0.016419 0.070645 13.215936
1.837500 0.020857 0.069491 13.506262
1.875000 0.024721 0.068149 13.806481
1.912500 0.027527 0.066322 14.097094
1.950000 0.029966 0.063334 14.398135
1.987500 0.031902 0.059471 14.690538
2.025000 0.033286 0.055067 14.993730
2.062500 0.034521 0.051100 15.288110
2.100000 0.036026 0.047936 15.592877
2.137500 0.037669 0.045309 15.888348
2.175000 0.038940 0.042080 16.193871
2.212500 0.039403 0.038359 16.489395
2.250000 0.039139 0.034348 16.794643
2.287500 0.038185 0.030351 17.090059
2.325000 0.036554 0.026508 17.395889
2.362500 0.035158 0.023538 17.689634
2.400000 0.033796 0.021479 17.994480
2.437500 0.032211 0.020696 18.291712
2.475000 0.030074 0.020982 18.595661
2.512500 0.027124 0.022608 18.892547
2.550000 0.023660 0.024903 19.196265
2.587500 0.019805 0.027327 19.492904
2.625000 0.015405 0.029747 19.796849
2.662500 0.010264 0.031246 20.094353
2.700000 0.004469 0.032568 20.395192
2.737500 -0.001912 0.033896 20.694976
2.775000 -0.008928 0.034957 20.999356
2.812500 -0.016757 0.035536 21.299444
2.850000 -0.025066 0.035315 21.603927
2.887500 -0.033004 0.034882 21.904201
2.925000 -0.039736 0.034977 22.198095
2.962500 -0.045331 0.035560 22.501100
3.000000 -0.049705 0.036470 22.793512
3.037500 -0.052930 0.037444 23.097954
3.075000 -0.054882 0.038402 23.395231
3.112500 -0.055823 0.039719 23.699248
3.150000 -0.055786 0.041236 23.986253
3.187500 -0.054788 0.043339 24.272271
3.225000 -0.052796 0.046010 24.547313
3.262500 -0.050089 0.049265 24.837225
3.300000 -0.047474 0.053182 25.140951
3.337500 -0.045077 0.057478 25.429848
3.375000 -0.042656 0.062271 25.721927
3.412500 -0.040201 0.067242 26.010990
3.450000 -0.037003 0.072416 26.322531
3.487500 -0.033223 0.076814 26.612122
3.525000 -0.028097 0.080479 26.919207
3.562500 -0.023080 0.082553 27.187065
3.600000 -0.018170 0.083539 27.447522
3.637500 -0.014579 0.083094 27.657554
3.675000 -0.011809 0.081415 27.845653
3.712500 -0.010099 0.078986 28.014552
3.750000 -0.009600 0.075812 28.163533
3.787500 -0.010739 0.072706 28.300212
3.825000 -0.020427 0.068733 28.434826
3.862500 -0.051569 0.059636 28.555385
3.900000 -0.114493 0.040191 28.657941
3.937500 -0.208386 0.007673 28.737781
3.975000 -0.332741 -0.038942 28.800918
4.012500 -0.500106 -0.106908 28.856922
4.050000 -0.686915 -0.189857 28.901938
4.087500 -0.905009 -0.294964 28.943620
4.125000 -1.129095 -0.409118 28.980391
4.162500 -1.371231 -0.535266 29.016432
4.200000 -1.608444 -0.656540 29.048850
4.237500 -1.877302 -0.787682 29.082084
4.275000 -2.133376 -0.904053 29.110872
4.312500 -2.414501 -1.021686 29.139906
4.350000 -2.679117 -1.123501 29.164838
4.387500 -2.966266 -1.225450 29.189695
4.425000 -3.229173 -1.312539 29.210609
4.462500 -3.520238 -1.404257 29.231633
4.500000 -3.791706 -1.486611 29.249739
4.537500 -4.080420 -1.571895 29.267414
4.575000 -4.352635 -1.651232 29.282630
4.612500 -4.642238 -1.736229 29.297583
4.650000 -4.914271 -1.817662 29.310835
4.687500 -5.203460 -1.905722 29.324100
4.725000 -5.475784 -1.988929 29.335688
4.762500 -5.766077 -2.078114 29.347142
4.800000 -6.040872 -2.162580 29.357317
4.837500 -6.334403 -2.252060 29.367811
4.875000 -6.612230 -2.335808 29.377310
4.912500 -6.908430 -2.423934 29.387095
4.950000 -7.187497 -2.506254 29.396355
4.987500 -7.484629 -2.593490 29.405499
5.025000 -7.765103 -2.675173 29.413697
5.062500 -8.064328 -2.762308 29.421448
5.100000 -8.346513 -2.844341 29.427845
5.137500 -8.646925 -2.932161 29.432969
5.175000 -8.928124 -3.014772 29.436536
5.212500 -9.224922 -3.102043 29.439844
5.250000 -9.511236 -3.185965 29.443112
5.287500 -9.810269 -3.273347 29.446075
5.325000 -10.095802 -3.356684 29.448868
5.362500 -10.393658 -3.442901 29.451687
5.400000 -10.678763 -3.525087 29.454174
5.437500 -10.976354 -3.610823 29.456806
5.475000 -11.261583 -3.692918 29.458969
5.512500 -11.559432 -3.778988 29.461374
5.550000 -11.845079 -3.862001 29.464052
5.587500 -12.144098 -3.948448 29.466636
5.625000 -12.431488 -4.030899 29.469268
5.662500 -12.732354 -4.116745 29.471667
5.700000 -13.020726 -4.198898 29.473272
5.737500 -13.322840 -4.285909 29.474793
5.775000 -13.612471 -4.369666 29.475802
5.812500 -13.915091 -4.457373 29.476983
5.850000 -14.205022 -4.541787 29.478444
5.887500 -14.507329 -4.630368 29.479564
5.925000 -14.796472 -4.715976 29.480711
5.962500 -15.097259 -4.805535 29.481957
6.000000 -15.385559 -4.891254 29.483572
6.037500 -15.685705 -4.979989 29.485734
6.075000 -15.973395 -5.064280 29.488048
6.112500 -16.273031 -5.151860 29.490381
6.150000 -16.559333 -5.236036 29.492587
6.187500 -16.857678 -5.324299 29.494897
6.225000 -17.143035 -5.408975 29.496767
6.262500 -17.441944 -5.497554 29.498380
6.300000 -17.728413 -5.583101 29.499293
6.337500 -18.027951 -5.672754 29.499575
6.375000 -18.314701 -5.758819 29.499431
6.412500 -18.614072 -5.848980 29.499113
6.450000 -18.900535 -5.934637 29.498521
6.487500 -19.199884 -6.023457 29.497807
6.525000 -19.486635 -6.108173 29.497755
6.562500 -19.786412 -6.196639 29.498487
6.600000 -20.074045 -6.281032 29.499588
6.637500 -20.370549 -6.367212 29.501208
6.675000 -20.657213 -6.449885 29.502894
6.712500 -20.954619 -6.535244 29.504182
6.750000 -21.245012 -6.617852 29.504873
6.787500 -21.542159 -6.701287 29.504865
6.825000 -21.829300 -6.781350 29.504705
6.862500 -22.121232 -6.862756 29.504620
6.900000 -22.413984 -6.944999 29.504420
6.937500 -22.706723 -7.027920 29.503913
6.975000 -22.998958 -7.111254 29.502747
7.012500 -23.290837 -7.194852 29.501403
7.050000 -23.581333 -7.278173 29.499956
7.087500 -23.872626 -7.362055 29.498850
7.125000 -24.163292 -7.446126 29.498256
7.162500 -24.451022 -7.529210 29.497983
7.200000 -24.744593 -7.613567 29.497303
7.237500 -25.036746 -7.697235 29.496427
7.275000 -25.328539 -7.781093 29.496298
7.312500 -25.619759 -7.865380 29.497042
7.350000 -25.915465 -7.951232 29.498046
7.387500 -26.205844 -8.035672 29.498845
7.425000 -26.500765 -8.121866 29.499637
7.462500 -26.790712 -8.207612 29.500283
7.500000 -27.085092 -8.295702 29.500994
7.537500 -27.374422 -8.382996 29.501592
7.575000 -27.667806 -8.471647 29.501840
7.612500 -27.954982 -8.558370 29.501886
7.650000 -28.245819 -8.646160 29.501998
7.687500 -28.531007 -8.731604 29.501956
7.725000 -28.820476 -8.817361 29.501903
7.762500 -29.105309 -8.900460 29.501702
7.800000 -29.394195 -8.983503 29.501041
7.837500 -29.678716 -9.064716 29.499190
7.875000 -29.968048 -9.147350 29.496958
7.912500 -30.252652 -9.228753 29.494663
7.950000 -30.542009 -9.312049 29.492808
7.987500 -30.826722 -9.394574 29.491523
8.025000 -31.115996 -9.478560 29.490036
8.062500 -31.400285 -9.561299 29.488198
8.100000 -31.689030 -9.645524 29.486381
8.137500 -31.973425 -9.728337 29.484899
8.175000 -32.262865 -9.812879 29.484092
8.212500 -32.547578 -9.896530 29.483976
8.250000 -32.836499 -9.981822 29.484202
8.287500 -33.120089 -10.065626 29.484316
8.325000 -33.408042 -10.150709 29.483878
8.362500 -33.691075 -10.234621 29.482767
8.400000 -33.978384 -10.320336 29.481278
8.437500 -34.261368 -10.404204 29.480151
8.475000 -34.549263 -10.488714 29.479605
8.512500 -34.832760 -10.571308 29.479759
8.550000 -35.120968 -10.654881 29.479965
8.587500 -35.404417 -10.737348 29.479992
8.625000 -35.693233 -10.822130 29.480158
8.662500 -35.977771 -10.906264 29.480524
8.700000 -36.267329 -10.992635 29.481079
8.737500 -36.552975 -11.078557 29.481656
8.775000 -36.844109 -11.166134 29.482341
8.812500 -37.131277 -11.252488 29.483618
8.850000 -37.423018 -11.340009 29.485276
8.887500 -37.709152 -11.426066 29.487086
8.925000 -37.999498 -11.513804 29.488769
8.962500 -38.285025 -11.600005 29.490322
9.000000 -38.574919 -11.687330 29.491993
9.037500 -38.859978 -11.772776 29.493622
9.075000 -39.150464 -11.859277 29.495052
9.112500 -39.436940 -11.944406 29.496099
9.150000 -39.728499 -12.030818 29.496793
9.187500 -40.015237 -12.116137 29.497066
9.225000 -40.306523 -12.203366 29.496734
9.262500 -40.593120 -12.289335 29.496771
9.300000 -40.885043 -12.377264 29.497058
9.337500 -41.171709 -12.463796 29.497219
9.375000 -41.462859 -12.551439 29.497241
9.412500 -41.749242 -12.637441 29.497401
9.450000 -42.040185 -12.723916 29.497351
9.487500 -42.326222 -12.807650 29.497450
9.525000 -42.616905 -12.891766 29.497592
9.562500 -42.902934 -12.973929 29.497472
9.600000 -43.193483 -13.057287 29.497500
9.637500 -43.478968 -13.139165 29.497853
9.675000 -43.768986 -13.222612 29.498073
9.712500 -44.053264 -13.304625 29.498223
9.750000 -44.341917 -13.388015 29.497602
9.787500 -44.625834 -13.470240 29.496410
9.825000 -44.915028 -13.554305 29.495153
9.862500 -45.199785 -13.637628 29.493913
9.900000 -45.489232 -13.723011 29.492597
9.937500 -45.773658 -13.807623 29.491900
9.975000 -46.062375 -13.893781 29.491723
10.012500 -46.346244 -13.978155 29.492016
10.050000 -46.634117 -14.063317 29.492624
10.087500 -46.916332 -14.146321 29.493271
10.125000 -47.203259 -14.230046 29.493654
10.162500 -47.484748 -14.311984 29.493410
10.200000 -47.771055 -14.394769 29.492555
10.237500 -48.052891 -14.475731 29.491441
10.275000 -48.340155 -14.557445 29.490833
10.312500 -48.623200 -14.637523 29.490808
10.350000 -48.910686 -14.718698 29.491723
10.387500 -49.193160 -14.798339 29.492622
10.425000 -49.481525 -14.879626 29.493114
10.462500 -49.764778 -14.959855 29.493141
10.500000 -50.052963 -15.041514 29.492469
10.537500 -50.335742 -15.121617 29.491526
10.575000 -50.623472 -15.203549 29.490244
10.612500 -50.906604 -15.284478 29.489315
10.650000 -51.194325 -15.367044 29.488840
10.687500 -51.476844 -15.448416 29.488700
10.725000 -51.764295 -15.531282 29.488552
10.762500 -52.047794 -15.612967 29.488341
10.800000 -52.336491 -15.695982 29.487394
10.837500 -52.621243 -15.777730 29.485953
10.875000 -52.911364 -15.861402 29.484232
10.912500 -53.196632 -15.945001 29.482861
10.950000 -53.486883 -16.030717 29.481484
10.987500 -53.772459 -16.115480 29.479582
11.025000 -54.063480 -16.201772 29.477642
11.062500 -54.349610 -16.286425 29.475999
11.100000 -54.639362 -16.372495 29.474274
11.137500 -54.923028 -16.456561 29.472772
11.175000 -55.210836 -16.541259 29.471375
11.212500 -55.494419 -16.623580 29.471056
11.250000 -55.783141 -16.705976 29.471523
11.287500 -56.068290 -16.785944 29.472509
11.325000 -56.358679 -16.866181 29.473551
11.362500 -56.645072 -16.944918 29.474416
11.400000 -56.936466 -17.025435 29.475558
11.437500 -57.223294 -17.105254 29.476948
11.475000 -57.514550 -17.186337 29.478467
11.512500 -57.800081 -17.265704 29.479625
11.550000 -58.089147 -17.346558 29.480637
11.587500 -58.372553 -17.426850 29.481726
11.625000 -58.659740 -17.509215 29.482461
11.662500 -58.941802 -17.591186 29.483339
11.700000 -59.228238 -17.674790 29.484176
11.737500 -59.510414 -17.756616 29.485448
11.775000 -59.796859 -17.840026 29.486773
11.812500 -60.078566 -17.923059 29.488299
11.850000 -60.364905 -18.008830 29.490044
11.887500 -60.646422 -18.094542 29.491636
11.925000 -60.933115 -18.182451 29.492821
11.962500 -61.215306 -18.268722 29.493376
12.000000 -61.502253 -18.356196 29.493558
12.037500 -61.785347 -18.442124 29.493276
12.075000 -62.073939 -18.529017 29.492289
12.112500 -62.358511 -18.613631 29.491068
12.150000 -62.621772 -18.691336 29.490354
12.187500 -62.869646 -18.764109 29.489681
12.225000 -63.150836 -18.846215 29.489100
12.262500 -63.445045 -18.931530 29.488973
12.300000 -63.726108 -19.012589 29.489440
12.337500 -64.020748 -19.097286 29.490031
12.375000 -64.302054 -19.177651 29.490690
12.412500 -64.596865 -19.261219 29.491200
12.450000 -64.873841 -19.339779 29.491398
12.487500 -65.168421 -19.423425 29.491619
12.525000 -65.445425 -19.502152 29.492271
12.562500 -65.742575 -19.586371 29.493228
12.600000 -66.021547 -19.665411 29.494444
12.637500 -66.318374 -19.749495 29.495554
12.675000 -66.596807 -19.828853 29.496041
12.712500 -66.871191 -19.908008 29.496048
12.750000 -67.171023 -19.995015 29.495595
12.787500 -67.466817 -20.081025 29.495480
12.825000 -67.745338 -20.162211 29.495843
12.862500 -68.041535 -20.248852 29.497035
12.900000 -68.320382 -20.330552 29.498156
12.937500 -68.616490 -20.417398 29.498944
12.975000 -68.893817 -20.499232 29.498827
13.012500 -69.187374 -20.585858 29.497499
13.050000 -69.463959 -20.667228 29.495442
13.087500 -69.761214 -20.754077 29.493456
13.125000 -70.039378 -20.834672 29.491963
13.162500 -70.338430 -20.921170 29.490497
13.200000 -70.616722 -21.001955 29.489407
13.237500 -70.915204 -21.088869 29.488003
13.275000 -71.192755 -21.170031 29.486423
13.312500 -71.491099 -21.257217 29.485022
13.350000 -71.768768 -21.338011 29.483832
13.387500 -72.067072 -21.424225 29.482781
13.425000 -72.345292 -21.503868 29.482164
13.462500 -72.643925 -21.588697 29.481232
13.500000 -72.921986 -21.667482 29.479766
13.537500 -73.217892 -21.751759 29.477675
13.575000 -73.494606 -21.830985 29.475456
13.612500 -73.793850 -21.916434 29.473363
13.650000 -74.070018 -21.995068 29.471653
13.687500 -74.368709 -22.079558 29.470978
13.725000 -74.645988 -22.157591 29.471057
13.762500 -74.945903 -22.241485 29.471282
13.800000 -75.223585 -22.318416 29.471546
13.837500 -75.523681 -22.400677 29.473155
13.875000 -75.796376 -22.472475 29.486252
13.912500 -76.088581 -22.535749 29.506780
13.950000 -76.355386 -22.567994 29.521736
13.987500 -76.633532 -22.565378 29.528693
14.025000 -76.884718 -22.527695 29.527616
14.062500 -77.150410 -22.451202 29.520886
14.100000 -77.395723 -22.350327 29.512442
14.137500 -77.652658 -22.217629 29.502877
14.175000 -77.891739 -22.075225 29.494517
14.212500 -78.145320 -21.910490 29.487244
14.250000 -78.382917 -21.747610 29.482548
14.287500 -78.635887 -21.568863 29.479665
14.325000 -78.874493 -21.397892 29.478827
14.362500 -79.128146 -21.215958 29.479267
14.400000 -79.369390 -21.043278 29.480122
14.437500 -79.624428 -20.860305 29.480814
14.475000 -79.863587 -20.688444 29.481765
14.512500 -80.115411 -20.506764 29.482770
14.550000 -80.352661 -20.334806 29.483450
14.587500 -80.602717 -20.152421 29.483246
14.625000 -80.837349 -19.980438 29.482832
14.662500 -81.085443 -19.798207 29.482180
14.700000 -81.319255 -19.626102 29.481310
14.737500 -81.567135 -19.443636 29.479851
14.775000 -81.801028 -19.272041 29.478592
14.812500 -82.049303 -19.090228 29.477619
14.850000 -82.280861 -18.920938 29.477219
14.887500 -82.528111 -18.740045 29.477389
14.925000 -82.763062 -18.567243 29.477818
14.962500 -83.009289 -18.384838 29.478286
15.000000 -83.243178 -18.210420 29.478644
15.037500 -83.487986 -18.027424 29.479187
15.075000 -83.720340 -17.852674 29.479532
15.112500 -83.964182 -17.668219 29.479144
15.150000 -84.195671 -17.492846 29.477968
15.187500 -84.438814 -17.308286 29.475754
15.225000 -84.669743 -17.132481 29.473085
15.262500 -84.912495 -16.947140 29.470449
15.300000 -85.144206 -16.770275 29.468834
15.337500 -85.388728 -16.584238 29.468078
15.375000 -85.621988 -16.406770 29.467750
15.412500 -85.867121 -16.220133 29.467622
15.450000 -86.100612 -16.042209 29.467517
15.487500 -86.345555 -15.854780 29.467179
15.525000 -86.578652 -15.675445 29.467252
15.562500 -86.823568 -15.486296 29.467790
15.600000 -87.056648 -15.305644 29.468403
15.637500 -87.301716 -15.114885 29.469371
15.675000 -87.535748 -14.932158 29.470065
15.712500 -87.782674 -14.739383 29.470526
15.750000 -88.017864 -14.556277 29.470187
15.787500 -88.265616 -14.363852 29.468917
15.825000 -88.500747 -14.181001 29.467033
15.862500 -88.747684 -13.988587 29.464513
15.900000 -88.981962 -13.804930 29.461884
15.937500 -89.227615 -13.610828 29.459340
15.975000 -89.459973 -13.425959 29.457552
16.012500 -89.703716 -13.231391 29.456426
16.050000 -89.935496 -13.046357 29.456284
16.087500 -90.180001 -12.852171 29.456641
16.125000 -90.412801 -12.668553 29.456806
16.162500 -90.657321 -12.476079 29.456591
16.200000 -90.888980 -12.293448 29.456652
16.237500 -91.132424 -12.101087 29.456779
16.275000 -91.363415 -11.919056 29.456544
16.312500 -91.606736 -11.727977 29.455779
16.350000 -91.838017 -11.546646 29.454802
16.387500 -92.081448 -11.356712 29.453721
16.425000 -92.313619 -11.176872 29.452946
16.462500 -92.558570 -10.988139 29.452202
16.500000 -92.791875 -10.808775 29.451813
16.537500 -93.037831 -10.619692 29.452104
16.575000 -93.271327 -10.440093 29.453066
16.612500 -93.517832 -10.251477 29.454816
16.650000 -93.752743 -10.072701 29.456635
16.687500 -94.000410 -9.884900 29.458574
16.725000 -94.236018 -9.706946 29.459750
16.762500 -94.484575 -9.519820 29.460128
16.800000 -94.721148 -9.342135 29.460354
16.837500 -94.970053 -9.155115 29.460313
16.875000 -95.206382 -8.977429 29.460324
16.912500 -95.455133 -8.789944 29.460283
16.950000 -95.692130 -8.611131 29.460131
16.987500 -95.941472 -8.422694 29.459975
17.025000 -96.177968 -8.243177 29.460069
17.062500 -96.426381 -8.054015 29.460204
17.100000 -96.662084 -7.874523 29.459874
17.137500 -96.910549 -7.685689 29.458665
17.175000 -97.146602 -7.506429 29.457061
17.212500 -97.394843 -7.318194 29.455383
17.250000 -97.630508 -7.139784 29.454255
17.287500 -97.877908 -6.952025 29.453601
17.325000 -98.113012 -6.773174 29.453256
17.362500 -98.360188 -6.585073 29.453177
17.400000 -98.594713 -6.406467 29.453320
17.437500 -98.841700 -6.218644 29.453554
17.475000 -99.076442 -6.040660 29.453766
17.512500 -99.323733 -5.853891 29.454094
17.550000 -99.559115 -5.676939 29.454545
17.587500 -99.807207 -5.491879 29.455218
17.625000 -100.043096 -5.317348 29.456168
17.662500 -100.291160 -5.134817 29.456715
17.700000 -100.526371 -4.961830 29.456419
17.737500 -100.773874 -4.779132 29.455456
17.775000 -101.009380 -4.604650 29.455038
17.812500 -101.257638 -4.420568 29.454934
17.850000 -101.494310 -4.245105 29.454956
17.887500 -101.743498 -4.060514 29.455102
17.925000 -101.980734 -3.884524 29.455801
17.962500 -102.229890 -3.699613 29.456814
18.000000 -102.466076 -3.524346 29.457833
18.037500 -102.714149 -3.340764 29.458901
18.075000 -102.949633 -3.166858 29.459926
18.112500 -103.197187 -2.983970 29.461060
18.150000 -103.432229 -2.810747 29.461960
18.187500 -103.679527 -2.629105 29.462217
18.225000 -103.914355 -2.457241 29.461780
18.262500 -104.161388 -2.276717 29.460559
18.300000 -104.396574 -2.104842 29.459050
18.337500 -104.644306 -1.923925 29.457392
18.375000 -104.880256 -1.752292 29.455891
18.412500 -105.128994 -1.572382 29.454669
18.450000 -105.365719 -1.401545 29.453974
18.487500 -105.614917 -1.221173 29.453839
18.525000 -105.851291 -1.048677 29.454352
18.562500 -106.099704 -0.866177 29.455790
18.600000 -106.333164 -0.693472 29.458124
18.637500 -106.579558 -0.510117 29.461046
18.675000 -106.815215 -0.334404 29.463485
18.712500 -107.057966 -0.153561 29.465231
18.750000 -107.276483 0.009027 29.466170
18.787500 -107.511774 0.184052 29.466679
18.825000 -107.753487 0.363356 29.466513
18.862500 -107.986775 0.535649 29.465901
18.900000 -108.234770 0.718237 29.465069
18.937500 -108.468432 0.889412 29.464365
18.975000 -108.717018 1.070238 29.463518
19.012500 -108.950349 1.239008 29.463173
19.050000 -109.199174 1.418190 29.463408
19.087500 -109.433125 1.586240 29.463517
19.125000 -109.682159 1.765010 29.463649
19.162500 -109.916234 1.933303 29.464213
19.200000 -110.166017 2.112647 29.465162
19.237500 -110.402189 2.281712 29.466427
19.275000 -110.653815 2.462144 29.467415
19.312500 -110.889969 2.631959 29.467652
19.350000 -111.141265 2.812967 29.467302
19.387500 -111.377272 2.983269 29.466569
19.425000 -111.627443 3.163918 29.465562
19.462500 -111.862472 3.333697 29.464562
19.500000 -112.075675 3.487449 29.463637
19.537500 -112.320644 3.663657 29.462745
19.575000 -112.562719 3.837183 29.461837
19.612500 -112.808573 4.013234 29.461202
19.650000 -113.051206 4.187551 29.461367
19.687500 -113.297147 4.365218 29.461857
19.725000 -113.539747 4.541269 29.462402
19.762500 -113.785513 4.720573 29.462490
19.800000 -114.027623 4.898500 29.462465
19.837500 -114.272806 5.079239 29.462604
19.875000 -114.511101 5.255328 29.462968
19.912500 -114.756349 5.436985 29.463471
19.950000 -114.996107 5.614480 29.463697
19.987500 -115.241652 5.795349 29.463811
20.025000 -115.482614 5.971536 29.463480
20.062500 -115.728959 6.150979 29.463219
20.100000 -115.969333 6.326140 29.463642
20.137500 -116.214968 6.505177 29.464672
20.175000 -116.455215 6.680389 29.465900
20.212500 -116.701118 6.859189 29.467122
20.250000 -116.942661 7.033748 29.468417
20.287500 -117.189668 7.212121 29.469586
20.325000 -117.431295 7.386606 29.470345
20.362500 -117.678209 7.564797 29.470724
20.400000 -117.920119 7.739460 29.471255
20.437500 -118.167414 7.918141 29.472349
20.475000 -118.409665 8.093099 29.474101
20.512500 -118.657988 8.272508 29.475904
20.550000 -118.901388 8.448686 29.477006
20.587500 -119.149673 8.629189 29.477512
20.625000 -119.391927 8.806518 29.476723
20.662500 -119.638765 8.987899 29.474873
20.700000 -119.879881 9.165551 29.472090
20.737500 -120.125144 9.346985 29.468700
20.775000 -120.364463 9.524155 29.465387
20.812500 -120.608769 9.704271 29.462277
20.850000 -120.847572 9.879566 29.459928
20.887500 -121.091372 10.057164 29.458349
20.925000 -121.330165 10.230157 29.457039
20.962500 -121.574558 10.406566 29.456377
21.000000 -121.814417 10.578935 29.456520
21.037500 -122.059657 10.754803 29.457161
21.075000 -122.299641 10.927335 29.458130
21.112500 -122.544459 11.103962 29.458985
21.150000 -122.784026 11.276532 29.459275
21.187500 -123.028592 11.451906 29.459355
21.225000 -123.268587 11.622606 29.459113
21.262500 -123.514450 11.796071 29.458722
21.300000 -123.754786 11.964308 29.457896
21.337500 -124.000153 12.135594 29.456673
21.375000 -124.240186 12.303340 29.455539
21.412500 -124.485404 12.474896 29.454858
21.450000 -124.725731 12.642974 29.454330
21.487500 -124.970740 12.814616 29.454595
21.525000 -125.209995 12.982669 29.455511
21.562500 -125.454104 13.154241 29.456672
21.600000 -125.693148 13.322749 29.458016
21.637500 -125.937432 13.495677 29.459365
21.675000 -126.175884 13.665164 29.460405
21.712500 -126.418580 13.837718 29.470551
21.750000 -126.656499 13.997282 29.490447
21.787500 -126.901808 14.134132 29.509156
21.825000 -127.146552 14.231110 29.518465
21.862500 -127.402174 14.288638 29.517983
21.900000 -127.659070 14.303825 29.510182
21.937500 -127.927805 14.282790 29.498491
21.975000 -128.195679 14.232601 29.486021
22.012500 -128.473438 14.158533 29.474786
22.050000 -128.748484 14.070741 29.466146
22.087500 -129.031836 13.970205 29.459997
22.125000 -129.311087 13.864921 29.455984
22.162500 -129.597084 13.753831 29.453038
22.200000 -129.877738 13.643285 29.451210
22.237500 -130.164842 13.530322 29.450843
22.275000 -130.445727 13.420996 29.452064
22.312500 -130.732004 13.310665 29.454308
22.350000 -131.011569 13.203789 29.456941
22.387500 -131.296830 13.096279 29.459895
22.425000 -131.576443 12.992403 29.463421
22.462500 -131.861769 12.887183 29.466753
22.500000 -132.140492 12.785407 29.468905
22.537500 -132.424575 12.682405 29.470504
22.575000 -132.702339 12.582419 29.471886
22.612500 -132.944418 12.495578 29.472860
22.650000 -133.217022 12.397493 29.473721
22.687500 -133.497349 12.296268 29.474186
22.725000 -133.776726 12.194625 29.474556
22.762500 -134.055678 12.091563 29.475381
22.800000 -134.333725 11.987217 29.476567
22.837500 -134.611549 11.880773 29.477542
22.875000 -134.888752 11.772599 29.478409
22.912500 -135.166625 11.662458 29.478758
22.950000 -135.444233 11.551047 29.479246
22.987500 -135.722004 11.438722 29.479696
23.025000 -135.999058 11.325993 29.480152
23.062500 -136.156664 11.261644 29.480603
23.100000 -136.426862 11.150970 29.481208
23.137500 -136.695917 11.039778 29.481764
23.175000 -136.980119 10.921482 29.482067
23.212500 -137.248889 10.809004 29.482003
23.250000 -137.532709 10.689778 29.481505
23.287500 -137.800721 10.577046 29.480968
23.325000 -138.083909 10.457154 29.480925
23.362500 -138.352086 10.343101 29.481149
23.400000 -138.632286 10.223752 29.481490
23.437500 -138.899200 10.110039 29.481990
23.475000 -139.185049 9.988292 29.482754
23.512500 -139.452544 9.874199 29.483230
23.550000 -139.738553 9.752125 29.483064
23.587500 -140.006396 9.637631 29.482511
23.625000 -140.293555 9.515052 29.481982
23.662500 -140.562313 9.400254 29.481671
23.700000 -140.847992 9.278033 29.481381
23.737500 -141.112687 9.164460 29.480396
23.775000 -141.400402 9.039907 29.479014
23.812500 -141.666550 8.923673 29.477450
23.850000 -141.949379 8.799815 29.475686
23.887500 -142.213541 8.683877 29.473696
23.925000 -142.496863 8.559352 29.471438
23.962500 -142.765518 8.441736 29.470045
24.000000 -143.050313 8.317530 29.469578
24.037500 -143.318963 8.200326 29.469987
24.075000 -143.603318 8.075979 29.470203
24.112500 -143.871723 7.958191 29.469767
24.150000 -144.156190 7.832828 29.468951
24.187500 -144.424997 7.713717 29.468067
24.225000 -144.709178 7.587298 29.467446
24.262500 -144.977494 7.468084 29.467123
24.300000 -145.261260 7.342018 29.466991
24.337500 -145.528619 7.223358 29.466935
24.375000 -145.811743 7.098685 29.466879
24.412500 -146.078929 6.981833 29.467345
24.450000 -146.362584 6.858676 29.467885
24.487500 -146.630482 6.743225 29.468730
24.525000 -146.914806 6.621879 29.469676
24.562500 -147.184132 6.507651 29.470184
24.600000 -147.469360 6.386955 29.470333
24.637500 -147.739446 6.272504 29.470547
24.675000 -148.025674 6.150754 29.470899
24.712500 -148.296166 6.035076 29.471298
24.750000 -148.578907 5.913545 29.471554
24.787500 -148.843779 5.798859 29.471674
24.825000 -149.125809 5.677031 29.471810
24.862500 -149.399578 5.559366 29.471885
24.900000 -149.681456 5.438748 29.471955
24.937500 -149.955590 5.321988 29.471990
24.975000 -150.237672 5.202783 29.472826
25.012500 -150.510027 5.089146 29.474682
25.050000 -150.792538 4.972499 29.476865
25.087500 -151.070048 4.858563 29.479055
25.125000 -151.352861 4.743584 29.480885
25.162500 -151.630622 4.631565 29.482742
25.200000 -151.903575 4.521658 29.484417
25.237500 -152.184280 4.408625 29.485582
25.275000 -152.463477 4.296031 29.486930
25.312500 -152.745739 4.182249 29.488048
25.350000 -153.022416 4.070327 29.489029
25.387500 -153.296773 3.958120 29.490443
25.425000 -153.533236 3.860703 29.491730
25.462500 -153.811311 3.745317 29.493683
25.500000 -154.089936 3.628830 29.495969
25.537500 -154.367301 3.512357 29.497714
25.575000 -154.644355 3.396007 29.499173
25.612500 -154.921300 3.279743 29.499689
25.650000 -155.197521 3.164387 29.499696
25.687500 -155.473277 3.050086 29.499309
25.725000 -155.749897 2.935944 29.498578
25.762500 -156.026983 2.822039 29.498129
25.800000 -156.304002 2.708616 29.497842
25.837500 -156.581841 2.595619 29.497718
25.875000 -156.859179 2.483531 29.497357
25.912500 -157.137216 2.372311 29.497207
25.950000 -157.415280 2.262012 29.497708
25.987500 -157.693701 2.151863 29.498311
26.025000 -157.972035 2.041224 29.498823
26.062500 -158.250693 1.930258 29.498826
26.100000 -158.529577 1.819171 29.498090
26.137500 -158.807601 1.708130 29.496933
26.175000 -159.086112 1.596025 29.496054
26.212500 -159.363955 1.483737 29.495617
26.250000 -159.641458 1.371182 29.495305
26.287500 -159.919403 1.258192 29.494853
26.325000 -160.197493 1.145625 29.494295
26.362500 -160.475289 1.034010 29.493590
26.400000 -160.752158 0.923356 29.493238
26.437500 -161.028658 0.813243 29.492989
26.475000 -161.304908 0.703595 29.492411
26.512500 -161.578400 0.595686 29.491496
26.550000 -161.857193 0.486234 29.490571
26.587500 -162.134444 0.377278 29.490078
26.625000 -162.414180 0.267709 29.489807
26.662500 -162.692886 0.159203 29.489048
26.700000 -162.973878 0.050135 29.488100
26.737500 -163.252765 -0.057792 29.486978
26.775000 -163.533992 -0.166563 29.485855
26.812500 -163.813408 -0.274264 29.484529
26.850000 -164.094928 -0.382678 29.483171
26.887500 -164.373180 -0.490411 29.481844
26.925000 -164.654223 -0.600309 29.480602
26.962500 -164.931813 -0.709339 29.479374
27.000000 -165.210962 -0.818618 29.477937
27.037500 -165.487848 -0.926742 29.476261
27.075000 -165.767202 -1.036143 29.474674
27.112500 -166.040738 -1.143579 29.473362
27.150000 -166.321442 -1.253850 29.472728
27.187500 -166.594472 -1.361291 29.472255
27.225000 -166.877383 -1.472752 29.472053
27.262500 -167.157101 -1.583211 29.472378
27.300000 -167.435381 -1.693239 29.472945
27.337500 -167.710336 -1.801930 29.474128
27.375000 -167.992748 -1.913781 29.475819
27.412500 -168.268506 -2.022946 29.477508
27.450000 -168.552142 -2.135325 29.479058
27.487500 -168.828712 -2.244924 29.479702
27.525000 -169.112811 -2.357066 29.479974
27.562500 -169.389566 -2.466218 29.480246
27.600000 -169.673461 -2.577972 29.480569
27.637500 -169.940119 -2.682585 29.480860
27.675000 -170.232003 -2.797078 29.481263
27.712500 -170.507048 -2.905067 29.482401
27.750000 -170.791379 -3.016443 29.484231
27.787500 -171.065350 -3.124566 29.486296
27.825000 -171.348461 -3.237084 29.487905
27.862500 -171.621399 -3.346398 29.488902
27.900000 -171.903806 -3.459641 29.489404
27.937500 -172.177130 -3.568936 29.489758
27.975000 -172.460041 -3.681677 29.490263
28.012500 -172.733205 -3.790658 29.490559
28.050000 -173.016222 -3.903742 29.490776
28.087500 -173.288497 -4.012643 29.490554
28.125000 -173.570436 -4.125248 29.489960
28.162500 -173.837698 -4.231781 29.488980
28.200000 -174.119724 -4.343770 29.487867
28.237500 -174.389003 -4.450493 29.487334
28.275000 -174.670499 -4.561882 29.487699
28.312500 -174.939937 -4.668174 29.488232
28.350000 -175.222519 -4.779507 29.488364
28.387500 -175.492582 -4.885939 29.488630
28.425000 -175.775475 -4.997268 29.488797
28.462500 -176.046394 -5.103971 29.488746
28.500000 -176.327137 -5.214618 29.488500
28.537500 -176.596889 -5.320800 29.487837
28.575000 -176.881271 -5.432420 29.487064
28.612500 -177.150966 -5.537909 29.486642
28.650000 -177.434689 -5.649080 29.486409
28.687500 -177.703182 -5.753795 29.486792
28.725000 -177.986808 -5.864008 29.487150
28.762500 -178.255700 -5.968353 29.487018
28.800000 -178.539639 -6.078788 29.486256
28.837500 -178.808467 -6.183581 29.485030
28.875000 -179.092508 -6.294409 29.483723
28.912500 -179.362261 -6.399548 29.482902
28.950000 -179.647215 -6.510323 29.482371
28.987500 -179.916900 -6.615044 29.482327
29.025000 -180.201180 -6.725585 29.482469
29.062500 -180.470022 -6.830096 29.482520
29.100000 -180.755431 -6.940304 29.482807
29.137500 -181.025716 -7.044275 29.483541
29.175000 -181.311801 -7.153914 29.484873
29.212500 -181.582950 -7.257576 29.486042
29.250000 -181.869243 -7.366825 29.487421
29.287500 -182.141014 -7.470211 29.489166
29.325000 -182.427981 -7.578692 29.491077
29.362500 -182.699931 -7.681739 29.492552
29.400000 -182.986596 -7.791777 29.494017
29.437500 -183.258214 -7.897361 29.495591
29.475000 -183.545311 -8.009707 29.497316
29.512500 -183.817528 -8.116652 29.498765
29.550000 -184.104262 -8.229813 29.500090
29.587500 -184.375462 -8.336456 29.500429
29.625000 -184.661288 -8.447812 29.499652
29.662500 -184.931906 -8.552147 29.498313
29.700000 -185.217908 -8.661689 29.496709
29.737500 -185.488909 -8.764868 29.495517
29.775000 -185.774845 -8.872463 29.494576
29.812500 -186.045444 -8.973947 29.493736
29.850000 -186.330514 -9.081338 29.492921
29.887500 -186.596243 -9.182768 29.492715
29.925000 -186.881040 -9.293461 29.493004
29.962500 -187.147782 -9.399010 29.493790
30.000000 -187.431974 -9.512660 29.494364
30.037500 -187.698773 -9.620014 29.494626
30.075000 -187.982801 -9.734459 29.495012
30.112500 -188.249338 -9.841578 29.495319
30.150000 -188.532916 -9.955301 29.495615
30.187500 -188.800050 -10.062265 29.495779
30.225000 -189.084694 -10.176500 29.495413
30.262500 -189.352434 -10.284371 29.494812
30.300000 -189.638086 -10.399309 29.493383
30.337500 -189.906138 -10.507112 29.491838
30.375000 -190.192253 -10.621672 29.490636
30.412500 -190.460776 -10.728712 29.490040
30.450000 -190.747427 -10.842426 29.489350
30.487500 -191.017216 -10.949237 29.488408
30.525000 -191.304845 -11.062671 29.487167
30.562500 -191.575673 -11.169340 29.485941
30.600000 -191.863975 -11.282529 29.485211
30.637500 -192.134047 -11.388538 29.484784
30.675000 -192.420791 -11.501207 29.484002
30.712500 -192.690518 -11.606848 29.483230
30.750000 -192.977674 -11.719156 29.482646
30.787500 -193.247761 -11.825048 29.482274
30.825000 -193.534739 -11.938150 29.482021
30.862500 -193.803916 -12.044322 29.481384
30.900000 -194.090218 -12.157251 29.479930
30.937500 -194.359104 -12.263342 29.477602
30.975000 -194.645483 -12.375883 29.474564
31.012500 -194.914594 -12.480917 29.471788
31.050000 -195.201351 -12.591832 29.469556
31.087500 -195.471385 -12.695774 29.468280
31.125000 -195.759224 -12.805997 29.467604
31.162500 -196.030293 -12.909129 29.467393
31.200000 -196.319387 -13.018427 29.467013
31.237500 -196.591404 -13.120177 29.466515
31.275000 -196.881237 -13.227652 29.466123
31.312500 -197.153505 -13.328566 29.465595
31.350000 -197.443460 -13.436311 29.465454
31.387500 -197.715958 -13.538116 29.465538
31.425000 -198.006197 -13.647072 29.465261
31.462500 -198.279347 -13.749950 29.464733
31.500000 -198.570505 -13.859711 29.464226
31.537500 -198.843882 -13.962906 29.464317
31.575000 -199.135231 -14.073107 29.465120
31.612500 -199.409322 -14.176642 29.466979
31.650000 -199.701280 -14.286855 29.469850
31.687500 -199.971410 -14.389421 29.472260
31.725000 -200.262419 -14.500592 29.474712
31.762500 -200.532277 -14.604548 29.476719
31.800000 -200.820543 -14.716350 29.478481
31.837500 -201.087923 -14.820686 29.479982
31.875000 -201.374631 -14.932409 29.481354
31.912500 -201.641722 -15.036192 29.482436
31.950000 -201.928290 -15.147882 29.483447
31.987500 -202.194932 -15.252120 29.484177
32.025000 -202.481359 -15.363565 29.484331
32.062500 -202.748821 -15.466672 29.483736
32.100000 -203.036776 -15.576795 29.483519
32.137500 -203.305777 -15.679071 29.483551
32.175000 -203.596012 -15.788904 29.483841
32.212500 -203.867110 -15.891207 29.483602
32.250000 -204.159052 -16.001438 29.482842
32.287500 -204.431477 -16.104932 29.482192
32.325000 -204.724107 -16.217102 29.481328
32.362500 -204.996357 -16.322317 29.480905
32.400000 -205.288675 -16.435064 29.480709
32.437500 -205.561084 -16.539327 29.480745
32.475000 -205.853998 -16.651136 29.480966
32.512500 -206.120672 -16.752697 29.481225
32.550000 -206.413836 -16.864336 29.481533
32.587500 -206.681401 -16.965806 29.481800
32.625000 -206.971387 -17.075744 29.482356
32.662500 -207.244156 -17.179783 29.483264
32.700000 -207.532514 -17.290073 29.484586
32.737500 -207.807790 -17.395276 29.486228
32.775000 -208.094812 -17.505271 29.488132
32.812500 -208.367427 -17.610330 29.489444
32.850000 -208.651514 -17.719504 29.491058
32.887500 -208.921736 -17.823007 29.492538
32.925000 -209.182307 -17.922487 29.493454
32.962500 -209.415637 -18.011350 29.493881
33.000000 -209.687190 -18.114466 29.493778
33.037500 -209.964707 -18.219655 29.493613
33.075000 -210.235248 -18.322129 29.493429
33.112500 -210.513118 -18.426743 29.493414
33.150000 -210.784551 -18.528681 29.493682
33.187500 -211.063635 -18.633795 29.494197
33.225000 -211.335967 -18.737201 29.494597
33.262500 -211.615759 -18.844140 29.494228
33.300000 -211.888338 -18.949130 29.493746
33.337500 -212.167900 -19.058022 29.493626
33.375000 -212.440254 -19.165205 29.493919
33.412500 -212.719687 -19.276202 29.494836
33.450000 -212.992061 -19.385050 29.495948
33.487500 -213.272042 -19.497200 29.496223
33.525000 -213.545092 -19.606671 29.496251
33.562500 -213.826195 -19.719362 29.496599
33.600000 -214.100472 -19.828985 29.497043
33.637500 -214.382391 -19.941242 29.497708
33.675000 -214.657363 -20.050239 29.498646
33.712500 -214.940355 -20.161322 29.499864
33.750000 -215.217030 -20.268713 29.500538
33.787500 -215.501317 -20.377654 29.500868
33.825000 -215.778698 -20.482934 29.500849
33.862500 -216.063321 -20.590462 29.500538
33.900000 -216.340314 -20.694838 29.500005
33.937500 -216.624251 -20.801390 29.499441
33.975000 -216.900369 -20.904609 29.498468
34.012500 -217.182557 -21.010146 29.496472
34.050000 -217.457338 -21.113231 29.494041
34.087500 -217.739470 -21.219202 29.491447
34.125000 -218.014423 -21.322329 29.489590
34.162500 -218.297178 -21.428332 29.488113
34.200000 -218.573464 -21.531566 29.487382
34.237500 -218.857699 -21.638081 29.487126
34.275000 -219.135096 -21.743409 29.486961
34.312500 -219.420362 -21.853329 29.486919
34.350000 -219.698763 -21.961174 29.487051
34.387500 -219.984561 -22.071819 29.486645
34.425000 -220.262748 -22.179420 29.485690
34.462500 -220.547630 -22.289299 29.484606
34.500000 -220.824711 -22.395414 29.484086
34.537500 -221.109016 -22.503431 29.483691
34.575000 -221.385268 -22.608733 29.483365
34.612500 -221.667974 -22.717165 29.482798
34.650000 -221.943117 -22.822097 29.481733
34.687500 -222.225473 -22.928927 29.479825
34.725000 -222.500386 -23.032748 29.477536
34.762500 -222.782741 -23.139505 29.475193
34.800000 -223.057628 -23.243652 29.473225
34.837500 -223.339754 -23.351085 29.471838
34.875000 -223.614528 -23.456319 29.471466
34.912500 -223.896632 -23.564405 29.472125
34.950000 -224.171959 -23.669285 29.473279
34.987500 -224.454774 -23.776605 29.474891
35.025000 -224.730265 -23.881042 29.477008
35.062500 -225.012874 -23.988018 29.478822
35.100000 -225.288093 -24.092397 29.480361
35.137500 -225.570638 -24.200102 29.481827
35.175000 -225.845854 -24.305575 29.483475
35.212500 -226.128626 -24.413908 29.484867
35.250000 -226.404853 -24.519413 29.485949
35.287500 -226.688514 -24.627545 29.487004
35.325000 -226.964828 -24.733249 29.487721
35.362500 -227.244976 -24.840441 29.487834
35.400000 -227.526135 -24.947956 29.487533
35.437500 -227.807272 -25.055387 29.486613
35.475000 -228.084432 -25.161367 29.485284
35.512500 -228.367296 -25.270315 29.484484
35.550000 -228.648357 -25.379313 29.483857
35.587500 -228.930331 -25.489345 29.483057
35.625000 -229.209314 -25.598956 29.482379
35.662500 -229.489430 -25.708987 29.481986
35.700000 -229.767313 -25.817884 29.481990
35.737500 -230.047511 -25.927062 29.482308
35.775000 -230.326124 -26.035397 29.482758
35.812500 -230.606326 -26.144089 29.483305
35.850000 -230.884651 -26.251527 29.483385
35.887500 -231.164533 -26.358926 29.482825
35.925000 -231.441712 -26.465565 29.481795
35.962500 -231.720573 -26.572948 29.480247
36.000000 -231.998095 -26.679715 29.478233
36.037500 -232.277826 -26.786849 29.476392
36.075000 -232.555575 -26.892783 29.475258
36.112500 -232.835335 -26.998808 29.474792
36.150000 -233.113205 -27.103979 29.474623
36.187500 -233.393362 -27.210449 29.474191
36.225000 -233.672443 -27.316692 29.473493
36.262500 -233.954196 -27.424683 29.472598
36.300000 -234.234227 -27.532408 29.471433
36.337500 -234.516400 -27.641346 29.469605
36.375000 -234.796349 -27.749898 29.467645
36.412500 -235.078051 -27.859079 29.466086
36.450000 -235.357641 -27.967062 29.465382
36.487500 -235.639127 -28.075582 29.465174
36.525000 -235.918649 -28.183591 29.465436
36.562500 -236.199667 -28.292176 29.466039
36.600000 -236.478482 -28.399667 29.466897
36.637500 -236.759239 -28.508127 29.468165
36.675000 -237.037911 -28.616889 29.469189
36.712500 -237.318598 -28.726848 29.469857
36.750000 -237.598072 -28.836150 29.470165
36.787500 -237.880190 -28.945733 29.470301
36.825000 -238.160526 -29.054126 29.466914
36.862500 -238.440957 -29.163520 29.414965
36.900000 -238.715845 -29.272492 29.306372
36.937500 -238.987257 -29.381277 29.161125
36.975000 -239.248268 -29.486202 28.999870
300.000000 -240.855480 -30.103877 -0.339016
